Time,25W,25X,25Y
0.008,1124.4939554423934,1502.8068486808666,3418.216308672286
0.008,1294.8334996614824,1734.905531902487,3545.2532618121813
0.031,1337.6853904989273,1677.9736424928196,3795.840044730768
0.031,1351.9945034622087,1557.3190693523493,4049.825759555661
0.032,1422.6643674164739,1521.7161032537542,4096.649103424887
0.032,1188.5265398925997,1582.3668793704865,3525.3507747586546
0.058,1097.4125473026177,1687.7205711636714,3373.4676208364253
0.058,1127.7299520480158,1575.771287405225,3413.79305748274
0.085,1083.4093505296455,1640.4234771337135,3417.4466986310726
0.085,1309.1901885340903,1630.8630588333601,3677.604299482876
0.085,1172.0385478945652,1793.90300444869,3640.5963957402514
0.113,1285.0314907694694,1453.7852414843246,3228.2898830237013
0.113,1103.6832887836972,1848.488694009219,4053.421660890629
0.14,1384.6242519070402,1706.8045320306765,3802.778198016974
0.14,1228.9406657022669,1806.3158006727008,3955.9708660345996
0.14,1173.364795420593,1412.4853554901456,3551.3991658445766
0.167,1253.0924655316264,1487.4941078596892,3436.04734542195
0.168,1220.1506409785216,1518.8219031499325,3117.435069656687
0.194,1178.6893898008718,1623.668587179084,3452.523239684274
0.194,1214.0275706983455,1694.9591297595075,3486.923487554326
0.194,1276.448799384898,1520.0917994269926,3293.9637633610637
0.194,1208.5340206623614,1519.4115735035705,3711.67512902914
0.219,1235.7466322303483,1642.1886934637953,3606.3873569705074
0.246,1297.4648224869252,1528.3893784765937,3848.8129955149416
0.246,1400.4553817985166,1696.6981829429349,3810.5365243177994
0.247,1280.0890972814307,1543.095839277398,3522.562833495105
0.247,1279.0295169878311,1728.4652102145699,3445.1986932249615
0.276,1150.8789013202625,1611.3028923566133,3632.535335551
0.303,1290.2903297106593,1454.3228784083078,3406.571293309351
0.303,1195.0886950128688,1436.896193409697,3300.4933570138514
0.303,1260.0542775230654,1442.0349638007879,3015.0039718429875
0.303,1383.9278369175893,1553.333263195852,3841.4069529799176
0.33,1236.627651747886,1786.3647579899575,3393.0366043114445
0.33,1243.6604406874471,1580.1332821036299,3692.7564611717507
0.357,1362.0172657300134,1666.5685024432996,3768.1503206169778
0.357,1071.313583491977,1527.3059181142917,3380.562547390055
0.357,1138.9298206615533,1652.3913079268293,3539.222555348888
0.357,1229.8231248279901,1731.3460767769611,3713.040508980596
0.386,1169.9403238969578,1728.9604886568702,2988.305621215954
0.386,1277.7065725212537,1660.236445487602,3618.0329175716374
0.414,1215.6139008721211,1492.824990180138,3453.9957981012967
0.415,1287.6659936598905,1383.3975118001845,4052.8229790216365
0.416,1361.376157929864,1467.7539614872157,3667.063959066605
0.416,1210.9117157889782,1564.0581822694476,4017.8939119672327
0.442,1343.663792185806,1691.198719807503,3779.197647613002
0.442,1109.7518059334318,1621.339141177445,3386.8755465872164
0.47,1109.2284402966875,1660.7171328213954,3562.66373428715
0.47,1337.2918080696215,1614.8295341929577,3477.295549873203
0.471,1238.9702631343657,1429.591260584917,3328.0293987475707
0.471,1291.4140188344923,1492.7616090059837,3449.3797163888826
0.498,1162.4951903659996,1683.5657488510121,3524.728999942752
0.498,1292.4513083661964,1460.6608809490879,3777.3309765879244
0.526,1121.516599698331,1497.4354861101165,3753.5708037100676
0.526,1216.9144044475856,1667.0831374635918,4227.120116950949
0.526,1208.156992158064,1586.5198495678103,3768.254717151281
0.526,1294.09298641162,1497.470293493045,3354.3547360697453
0.555,1190.656168998264,1632.5568689768174,3305.6932593881747
0.555,1124.4657271006233,1697.0408161228268,3195.1309709253333
0.582,1253.4144425811032,1584.2024334849327,3271.8019458770864
0.582,1279.9889319205884,1506.5522093784646,4020.49035665067
0.61,1273.7137486038068,1653.2529034072268,3010.6030119081797
0.61,1455.41821926483,1677.3361349258132,3536.5972482465336
0.61,1258.2863780751793,1615.123702412241,3554.936439583049
0.611,1153.8903595214028,1553.5670138955395,3605.9118918903832
0.638,1244.775840073479,1670.639131639467,4049.364379371709
0.638,1251.7450658843786,1668.6638856367474,3268.5166823321642
0.639,1198.4296887750652,1765.9022753508632,3069.381438475313
0.639,1140.6924793868166,1655.8706690523409,3102.1200491737054
0.665,1065.1250580870978,1600.1650379089672,3397.6181802208807
0.665,1154.2453171751235,1673.5600266025428,3253.3226817785203
0.693,1197.9839198878515,1578.2312717978182,3688.5320270012476
0.693,1209.361627122672,1627.649595317172,4283.686324482438
0.693,1314.3334740206167,1524.443988813524,3661.0944795023734
0.693,1308.1292483748725,1514.0860096573736,3631.520851123583
0.72,1223.9252786508223,1598.810744634044,3986.2748087648306
0.72,1257.0792807953433,1714.4426615960033,3432.3401637893853
0.747,1223.5558651523143,1541.7709736545155,3914.7585295373847
0.747,1289.15180686694,1423.9571660639122,3466.5681242125493
0.748,1240.3579154120425,1648.093644572385,3491.2966350604142
0.748,1195.8062954683298,1573.3246048336073,3042.971290505889
0.775,1207.6492396964104,1529.2563407889336,3919.7124079151117
0.775,1263.7851708854744,1608.8252491138182,3785.8069122951583
0.809,1154.9599726609729,1478.1433299782514,4193.878959197802
0.809,1290.4624877932138,1591.3691702559772,3457.382769948253
0.829,1347.7067591074942,1635.6153409150202,3755.2590077013774
0.829,1235.3272577693285,1552.8000924102503,3616.705791928856
0.829,1275.8139243938165,1591.9789165403502,3751.2806640719436
0.83,1089.6346382099218,1625.36219767582,3101.067628414948
0.85,1151.4500029509793,1693.5367825762894,3835.3859077905076
0.871,1245.3395720318363,1406.587708644064,3512.3138182565594
0.872,1345.9507308899204,1668.371498289334,3720.2211895228816
0.89,1151.7265563114026,1425.294684068904,3657.1773364501946
0.891,1282.8555175659344,1572.0154215460514,3963.2264841306182
0.891,1439.030256138134,1634.0337623944454,3709.978339023547
0.891,1419.8442724731674,1462.4208677346353,4012.560997502527
0.911,1202.3109148440606,1490.223002425128,3741.1421950442455
0.911,1244.6369551398625,1557.4016863197228,3499.247593288461
0.932,1247.359714135918,1679.1745652237403,3409.0735217601305
0.932,1218.1349344537089,1689.854474579982,3365.4082147844047
0.953,1161.8056996990294,1534.947615560848,3200.936570309354
0.953,1198.7066278481468,1620.2135839765347,3272.7171052519825
0.975,1234.748690052787,1515.2316151418202,3553.86194909989
0.975,1143.231072483876,1573.6539489270554,3579.6380570147253
0.996,1183.431988214408,1696.8129318620984,3875.293316468486
0.996,1284.8197886996277,1793.833774239065,3806.970189866647
1.018,1240.800677483536,1753.8508820381803,3525.5969919066815
1.018,1309.7874085064252,1648.510484303175,3314.5431982578857
1.038,1123.5528801543494,1476.5395878164927,3551.1218551174525
1.038,1119.74432138582,1578.1726735165735,3299.656393673669
1.058,1106.7027926467065,1721.0890080930578,3104.203189155587
1.058,1156.3738665755031,1531.6076738254776,3158.3297448298526
1.059,1414.192473457943,1795.8674932053373,3309.955856022792
1.059,1197.4913803490513,1601.559667832401,3697.668354821068
1.08,1325.9223677839643,1450.257475895031,4055.570217045854
1.08,1414.6934812003512,1635.5442675213321,3655.01276335156
1.101,1174.4075999662512,1360.8537946345523,3792.0910876659273
1.101,1354.9398463029995,1498.5307499652554,3875.0007637800973
1.122,1311.2257630968948,1547.0407666600092,3365.300355338982
1.122,1225.799342237376,1399.7869327745607,3333.4205377068843
1.145,952.2432153881965,1430.2624055525878,3289.5772244551704
1.145,1148.664950449232,1723.5707574183434,3920.0641132592045
1.164,1196.9931814981937,1533.91382197678,4092.4880493068586
1.164,1217.073445513755,1631.7334897573942,3377.5737219753987
1.185,1451.899379726192,1441.6099220595615,3746.4321035296553
1.185,1334.6705463786677,1522.4673006579665,3698.6226351176792
1.205,1099.2866491934803,1611.438674753563,3338.8563562831314
1.205,1006.0678018731157,1673.6454785187113,3790.4483836354607
1.228,1298.1258882987297,1650.414644559134,3764.103381017214
1.228,1313.78356829372,1571.45162508931,3680.8666413707615
1.229,1262.1026396406546,1666.8398865935485,3326.3209891591546
1.229,1086.2979928745456,1799.202842017942,3535.432391667155
1.247,1359.2628377325566,1544.125397399992,3478.4123254766128
1.247,1385.656017356878,1599.5638394211412,3710.5189365062606
1.268,1423.882256346583,1475.729347336845,3720.833919224431
1.268,1352.8086329960176,1603.8770710499025,3930.7940515360883
1.289,1220.3545574884904,1696.5352498954414,3947.7876953983405
1.289,1241.088278794784,1520.3424968083511,3541.488768549396
1.332,1160.153090324462,1538.6385557441865,3839.515152988754
1.332,1246.5548509571638,1562.987181143769,3456.5935092097666
1.332,1073.9119890780544,1611.2964365143243,3222.2770854803393
1.333,1128.778398313479,1378.0442623790684,2784.5755295504655
1.354,1254.6981847446611,1628.48418170466,4040.3431861082167
1.354,1261.9992890518001,1429.3615669310225,4053.751376787441
1.372,1385.2282993524366,1541.2444772217048,3952.0778819111797
1.372,1413.051164890136,1784.452724927586,4200.6496618506435
1.393,1225.7464037845073,1729.3523133600697,3691.130334711033
1.394,1221.542693375107,1553.2267900598977,3353.675355906204
1.394,1329.8900820253298,1488.5369623344222,3596.7247705089803
1.394,1101.6010987170305,1659.6101324617766,3003.895412490537
1.415,1041.443151688777,1490.7959576252222,3667.032472863423
1.415,1102.0437992806699,1523.9143013831185,3457.6517187173977
1.435,1255.3182464232677,1598.4893366276824,3770.9892649373687
1.435,1261.8673742866513,1656.8848948214622,3594.5036785744146
1.457,1283.9400969091375,1664.3677968627596,3398.2025518791506
1.457,1478.8116495317483,1489.7196666831717,3838.308229015086
1.479,1213.3309432416618,1456.457084843868,3963.6591738910415
1.479,1181.8395280012683,1543.927351769939,3386.9677945978206
1.502,1167.1174188513157,1811.654124399972,3835.853737105824
1.502,1200.604409996987,1487.8392208709352,2713.610359207661
1.522,1161.0323755821287,1601.859761795205,3266.545947116293
1.522,1080.7088675325042,1530.0952324667367,2765.5714860223447
1.542,1380.5344223255295,1435.2803751639817,3776.3500869607856
1.543,1406.2183389406707,1708.0881445702069,3928.285012152974
1.563,1239.690556889993,1562.776426951459,3610.1714532301953
1.563,1291.9182810080545,1617.089262377045,3596.5799473166844
1.563,1120.1054943857725,1639.0998338952008,3442.8706122764734
1.563,1291.3966967000285,1695.5448122557132,3755.239467242183
1.584,1167.3412250271915,1586.5378056862926,3823.473248336585
1.584,1306.429494824265,1634.6536807277641,3380.711855013031
1.605,1137.6110788811718,1703.3083909335426,3241.993440995593
1.605,1045.2509130076564,1588.1080792183911,2997.5422132353956
1.627,1235.5026554573126,1485.3922813638528,3695.0734487913096
1.627,1163.0112175216807,1699.073488179035,3216.451943795835
1.647,1150.2824042429208,1478.7324797992899,3988.497031617209
1.647,1271.3764456415759,1475.2631825749813,4120.058984001237
1.668,1228.0401173011824,1600.8168089096216,3543.3745482699055
1.668,1087.8834562569632,1706.8449169694009,3219.6367927962124
1.691,1241.01536650312,1565.855484181677,3286.071369516352
1.691,1273.4169865057056,1455.0766335346734,3411.857707766244
1.711,1166.7362068298316,1684.7166627794556,3177.3944015157153
1.711,1057.670456622763,1400.2693177224266,3020.1186839877205
1.731,1302.6698638187,1575.2024836972676,4155.633769952962
1.731,1198.994108260797,1445.3753309650358,4209.6713288128085
1.732,1174.9566321546706,1604.3231117950647,3488.501837932848
1.732,1291.8404232082346,1659.7344677065723,3873.5205742348885
1.752,1250.6137594032964,1678.0394313696647,3697.8285164836693
1.752,1136.5937128957453,1630.708470453124,3962.2110157477396
1.772,1257.0570173885455,1621.667528658753,3273.8774377449035
1.772,1129.3093897077213,1540.413199768701,3519.9816139649306
1.794,1173.5694399393822,1690.157729592015,3468.4886160277565
1.794,1305.5583708705474,1888.0717836861434,3312.62875899697
1.815,1258.0366266520693,1593.5176056994235,3929.4209071458367
1.815,1214.6434754744712,1598.050577863463,3949.424999131463
1.837,1233.2056446201423,1639.1059267861915,3855.3448521862933
1.837,1142.4268002524848,1573.0614846093783,3487.4632067668836
1.859,1308.9049266713184,1467.4808096398574,3943.8298824343688
1.859,1170.4678627421415,1615.5640625391277,3980.643785387343
1.88,924.9881746331309,1502.8271771039008,3279.29965574499
1.88,1108.0740944201218,1669.3287358911966,3373.891370351859
1.899,1137.198805715065,1546.035387182131,3163.6267644260006
1.899,1126.7936020098118,1649.7962711792024,2843.102512105114
1.9,1311.6774249793757,1670.012314880529,3193.0106290570193
1.9,1218.3445821278717,1680.5522293040426,3400.175456754343
1.921,1275.7733153630716,1704.5387401504836,3377.7503165597286
1.921,1325.6542557560126,1581.3048847946925,3858.7330191757956
1.941,1437.0462751558307,1480.0076452098854,3384.5747499928893
1.941,1190.9569415371702,1593.2764764536637,4211.800078518131
1.962,1179.4957423378676,1647.600510685587,3407.164571667491
1.962,1164.117379519018,1715.5180475811328,3025.738163014731
2.004,1152.808011006617,1580.4401421494345,3214.1244134580993
2.005,1051.9564732983758,1435.797555164455,2970.0821079543944
2.005,1231.6308209399492,1400.9573272910648,3399.3736509222867
2.005,1250.8061641328745,1748.4274693138527,4101.416718537443
2.025,1217.501463771518,1723.8381413747534,3429.3202444680237
2.025,1312.5439691829943,1666.2574073874976,3661.42808449685
2.045,1205.5878389918716,1546.4181678309048,3818.9785087253263
2.045,1304.9336922119744,1705.3102206485858,3823.2596069217934
2.066,1180.9037937194034,1522.3220438868714,3078.592782265799
2.066,1154.3732499893347,1707.5413223069042,3377.5243487703224
2.066,1207.845420513334,1584.0611098324234,2831.405927036898
2.066,1206.9061941516604,1797.7057391440694,3022.504500183284
2.087,1383.0232750378093,1651.6710320666916,3545.0863566541825
2.087,1293.0734589470053,1638.391603403012,3749.516130482464
2.107,1339.020477662692,1633.8790746213253,3744.3376433270546
2.107,1182.6964362580427,1573.5796070063273,3938.323537640121
2.128,1148.1861537986288,1588.7903186455064,3824.730400029027
2.129,1335.1796576023728,1597.3216738956387,3652.538666617729
2.15,1151.7715279060167,1770.5020467329375,3370.3766782369125
2.15,1207.5069680639351,1537.208841671299,3135.9000385520094
2.171,1119.014391772647,1658.2538040822235,3343.109450523066
2.171,1211.4128891601963,1789.6520003476621,2825.1345816713406
2.192,1359.7312588984062,1644.870866119116,3850.655714090814
2.192,1013.8805295378122,1561.2771430432679,3436.7526362393387
2.216,1335.3399977743863,1615.8525551925838,4128.515267491946
2.216,1230.4619844757285,1570.6291958951012,3787.914538064351
2.234,1249.585242709094,1770.5000813532351,3806.8986381301766
2.234,1226.7459021823279,1608.9373126601008,4134.050114262447
2.234,1197.4418364591263,1755.9601603028345,3080.2349310361888
2.234,1248.9824232633644,1599.7327489007646,3448.819511207915
2.255,997.7035297988637,1649.7279304894364,3233.99844717297
2.255,1125.9850292235103,1538.106579756736,2898.4249825646298
2.276,1270.834159171805,1414.4204822638183,3669.6261592305136
2.276,1109.3300388548982,1376.5760592796958,3811.752328078199
2.299,1190.64627405642,1738.8781942424746,3907.0641673683185
2.299,1206.5951964315,1478.028794978151,3787.3857204939013
2.322,1093.1785483088756,1691.5455504228578,3842.338291438975
2.322,1240.8751739011814,1371.7711553809022,3821.330257947884
2.342,1214.9636300040704,1462.5205821261802,3317.0053230716126
2.342,1166.266542273267,1440.1757285510373,3241.3863426655594
2.385,1235.0673923305494,1338.2832721411537,3032.574063717279
2.385,1168.5086067644766,1600.862241661158,3495.1014752868173
2.385,1090.2040919807296,1651.975290127609,3587.0939615211805
2.385,1211.8266526007956,1557.1679354782004,3401.9137120201003
2.406,1280.3018751284155,1611.9261417659068,3564.1376943125965
2.406,1229.2019293179737,1491.1748548790872,3940.3555847579614
2.406,1223.8818300303046,1680.6936686957606,4055.381706954757
2.406,1108.753073212041,1554.2450723821196,4009.0635005162876
2.426,1269.2063726011029,1740.5578526007232,3597.2990226386814
2.426,1242.3986164575026,1527.689514101842,3191.6018713498106
2.447,1202.1976227170128,1785.7479826406886,3030.3642002076053
2.447,1303.267317113473,1613.351924758414,3553.541832596755
2.468,1210.5784461589874,1582.6267110231886,3813.6398638674755
2.469,1218.8736033409584,1544.480410018137,3666.909267121068
2.489,1360.9512947658961,1622.3910179565953,3612.4775177521
2.489,1357.8772109211188,1532.756111533231,3637.445148272983
2.511,1173.2810377959408,1617.861120064421,4050.3229849794534
2.511,1341.9439501195163,1335.8636480610721,4057.9523068841036
2.532,1215.84334088054,1630.4512362622354,4013.7286252108797
2.532,1234.7093562168786,1587.5846276345296,3822.1442972506456
2.553,1003.6483371937927,1566.9715840917947,3303.7729080379213
2.553,1082.842754533062,1612.444883600707,3072.5005105645932
2.573,1223.681964550279,1561.8135698323179,3888.32646106267
2.573,1397.4885573396848,1667.927175799529,3750.539672423424
2.575,1216.1683398845857,1606.4984875203581,4043.6032608337814
2.575,1264.819431547219,1555.1969725768122,3637.4706008423636
2.592,1369.8541769026604,1463.432344773731,3989.6028143051
2.592,1234.2740715674356,1480.3733115495802,4162.397028402009
2.614,1161.620716089204,1621.0842886699886,3440.760027053645
2.614,952.6554587657939,1508.3947603974475,3601.878584894106
2.636,1132.5453260370457,1524.761217038494,2990.1995041979612
2.636,1181.1268937433138,1377.5300681079907,3020.39091988163
2.655,1267.5924026535274,1583.9381808068747,3570.6827749732456
2.655,1342.5846757955053,1478.787031786045,3491.141234435049
2.676,1245.6472144175218,1471.477968015628,3874.3634337591643
2.676,1320.310628141892,1771.566727870995,3749.742043525279
2.696,1284.7962148189508,1702.3169120411808,4013.085152481135
2.696,1407.7621625739384,1666.36065505616,3344.663984785927
2.718,1329.8192123401755,1527.922939176392,2993.7347880288926
2.718,1246.8112259069685,1470.7815319417055,3495.216126150415
2.738,1064.0731269238443,1559.8283011562821,2947.787360120891
2.738,1021.7189094144569,1377.3138483246112,3456.5066192045615
2.738,1257.365021145956,1488.5368310654978,3405.8329604045675
2.738,1293.2666132385139,1579.352657773575,3360.778358430676
2.759,1150.1773460057007,1627.7550141255028,4205.510827995887
2.759,1274.6665527275445,1483.8416381175725,3891.051176129645
2.78,1361.2421229413783,1582.1262273716563,4204.433742666765
2.78,1338.7369448288637,1787.7483389075674,3471.2961091705947
2.801,1066.9480410446886,1641.5198130799408,3436.5756031955275
2.801,1182.3077816992786,1717.1390579966292,3600.82764020098
2.822,1189.845067163276,1528.0941697790154,3259.164803528849
2.822,1056.7360607053088,1480.7264397496567,3449.096385969959
2.842,1220.3217019994736,1449.0819025597038,3378.676006445952
2.842,1242.1431405028293,1516.8227710488388,3416.4259919583546
2.863,1337.3000227473729,1424.1622889114167,3687.7211906803504
2.863,1247.5308829220635,1509.8188321854914,3921.8941894644063
2.884,1340.9323462710015,1719.4767775410567,3225.1812305768613
2.884,1230.4530709446494,1799.13577021991,3594.2858758516395
2.904,1140.2426065959057,1597.1320188307773,3699.6381106942567
2.905,1319.1172837774411,1498.0874162975163,3384.7548318791805
2.905,1040.2244279632623,1494.4001155845783,3268.182371189391
2.905,1031.525566663167,1453.6976740610457,3492.900911918722
2.927,1115.3685907288482,1618.1470047331397,3636.328632071724
2.927,1136.1358766981982,1624.7119788378823,3489.345678703204
2.949,1215.7653247463556,1726.6613130895157,3511.766592118837
2.949,1191.9341798075607,1625.3260604904956,3783.340673517786
2.969,1377.142099903819,1765.9793150720266,3596.426424185973
2.969,1278.2568452763778,1510.6905034169488,3279.769833230691
2.989,1272.7283446013485,1518.253131930459,3771.4981393930475
2.989,1148.9215459135758,1650.7712599426081,3760.8013973422007
3.01,1025.8901540396682,1522.658958313836,2893.844967172232
3.01,1129.7694133835246,1564.505372739344,3130.476172121593
3.03,1182.8906067098458,1475.1991495691668,3389.0486314419913
3.03,1192.3448393445447,1509.930688651053,3331.4107382663415
3.051,1226.8691239623972,1469.4185746675344,3246.313387931195
3.051,1399.0744457550486,1643.0901160240205,3650.85938200004
3.075,1445.6275502860794,1667.6557692177432,2962.068473355769
3.075,1438.1992539653734,1723.2740894067626,3916.9529682832863
3.075,1177.3921310368012,1479.638947199426,3139.2173695886877
3.075,1099.646213629344,1379.285464853836,3610.0862751959353
3.097,965.5128513113837,1569.0165702429922,3469.6168495124803
3.097,888.9392625755478,1517.7689747985373,3188.9471418794033
3.117,1133.7600221307396,1704.4354156558468,3426.894480372873
3.117,1275.6061997101065,1485.850663561795,3764.053300796903
3.139,1328.0980332744662,1558.9967492245878,3699.841787324324
3.139,1378.763980975688,1622.6098387832253,3508.7574971909703
3.16,1449.3806155595184,1517.383424041067,3588.6718878767247
3.16,1327.6468524972995,1519.1664300432433,3768.428711572579
3.18,1290.0272074443785,1580.2143614912602,4536.5758748561575
3.18,1164.551542032933,1607.5056422015039,3793.0320805035094
3.202,1244.2288045759292,1534.4376727780013,3466.5728902581177
3.202,1118.2233405304473,1491.4505211834878,3566.250040559201
3.246,1222.119953270515,1609.2433169520596,2997.389845584252
3.246,1286.5837058887541,1572.644183477149,3867.4616582346434
3.247,1259.4306515927422,1756.9922954256667,3414.392047467809
3.247,1212.904285946977,1412.9772812616511,4153.245351463452
3.247,1331.3737409863925,1522.98863304852,3646.3418570647855
3.247,1302.2739311539196,1386.1738568930414,3655.894792147279
3.267,1127.8843939795513,1545.7932329332016,3768.9785697664133
3.267,1274.4339992098928,1564.8118745441827,3600.651735331443
3.287,1270.3066356928925,1505.789756702765,3208.662747695774
3.287,1213.5371847790034,1596.2253077314358,3489.994476135771
3.307,1197.7921331054945,1639.691920340685,3278.8892282057827
3.308,1004.4987606311778,1540.9971307459557,3549.5088901005765
3.328,1155.3243546814276,1475.8455359764318,4099.31366649446
3.328,1298.4073448326635,1547.4542376241382,3728.6619242207903
3.349,1456.4677953071716,1528.9644230269628,4167.125002068112
3.349,1415.1038851720546,1591.5660829686522,3623.2293750932804
3.37,1246.923104597593,1702.6842330165157,3299.0792768426118
3.37,1134.519782396341,1642.3312059786804,3473.9464565851126
3.39,1211.208652755806,1536.0887324213954,3705.165378816072
3.39,1110.5518228848168,1655.7315061421418,3324.0912744281063
3.411,1273.1282669771258,1774.5159519735225,3544.0575754726183
3.411,1320.861350648224,1766.2306464686455,3413.7841407031515
3.412,1396.5397173212396,1653.9171048921135,3887.47943643347
3.412,1285.847282223524,1556.0177883473023,3831.489792915237
3.433,1538.8680642023178,1760.2290990352617,3678.2175536379295
3.433,1636.9841207958834,1602.0303316030524,3990.0420973801056
3.453,1091.5435279747792,1463.8093861420073,3703.7281847439376
3.453,1248.68053592416,1643.6458409177774,3167.7307401831304
3.475,1091.970412825541,1703.532375194636,3628.3778811709535
3.475,1237.4499325659426,1499.613594205764,3464.691307465896
3.495,1045.7645403070856,1525.6648777976238,3635.4619155698847
3.495,1127.3149210521187,1577.4634055807303,3183.061646718644
3.515,1360.7955209493264,1662.094303188655,4129.371705653089
3.515,1174.587046157365,1552.0024614277588,3780.8322677975407
3.536,1448.1014485468465,1410.1427410153813,3775.248611841019
3.536,1505.5265931007273,1513.910699294625,3861.862351210181
3.558,1089.2535363150428,1625.9416962372045,3514.0928745909373
3.558,959.7896755573755,1565.466954338485,3207.1070264196815
3.578,1083.1707299943703,1582.1941071791234,3265.9228966823484
3.578,1142.2894594932227,1614.5079117610392,3031.049237737499
3.578,1138.3337118007314,1715.358940459822,3588.5071847578934
3.578,1187.5944801252158,1481.9483379637397,3603.3263894654624
3.598,1234.8070160971847,1619.3930185407507,3741.546237647184
3.599,1401.3774063725346,1640.0048624179637,3651.2357867233336
3.62,1366.0926158690074,1573.4068368964374,3892.2178430503545
3.62,1330.3826667625856,1651.2353925802893,3725.268400987452
3.639,971.403711811444,1725.6593725004502,3653.3190020278416
3.639,996.1902459619373,1660.7700953231188,3476.3516388316903
3.661,1194.1977783293573,1721.8857762972452,3326.6527326455084
3.661,1279.1416888900796,1651.6055347046863,3289.2695358798837
3.681,1191.1416216869998,1715.2181212035987,3309.5887298440657
3.681,1156.4459967484343,1619.632534069657,3669.2398464045673
3.701,1343.8836440814891,1337.799972758241,3905.3476171158263
3.701,1244.9693655377182,1557.709776941964,3663.8197114140935
3.724,1356.141579428737,1735.6843751232914,3796.701828843056
3.724,1670.4170582180084,1774.5727173107978,4017.603010274761
3.746,1342.7547789134728,1673.7643255552973,3344.1430719299547
3.746,1106.285260244042,1461.9513203132187,3332.630689087168
3.747,1271.021170367893,1754.7694432794506,3204.431156258849
3.747,1189.9950213139412,1413.7131303842295,3357.7964833751284
3.767,1251.5604273980628,1557.3080830882752,3257.5313940546434
3.767,1146.2914667267892,1665.6689631197316,3358.8396793312304
3.787,1099.4022779503218,1484.7088686753477,3764.2070302784646
3.787,1204.4325001389527,1545.7528807198057,3755.5692318432402
3.807,1414.3664749981483,1464.8308266901195,4049.6406164204595
3.807,1276.9938684793772,1601.6361194557273,3779.0347959628893
3.828,1045.9465208786398,1571.837232967875,3055.4555837984253
3.828,1079.3352357998358,1820.4555434798922,3617.774278324878
3.849,1190.6727762017529,1570.2890451974902,3535.215427734042
3.85,1219.3758709063304,1674.2451350298666,3401.3594264871044
3.87,1256.104639618914,1554.2728467729303,3456.9526076835627
3.87,1017.938439898893,1733.3142687503964,2998.638942913248
3.892,1309.5610234809612,1777.6104686789488,3576.2304179393627
3.892,1250.4460713414217,1647.816055633907,4193.0238130396465
3.916,1301.5990650965073,1791.2977655106783,3855.676876613555
3.916,1376.2343172402573,1653.9844714909884,3511.3047246664573
3.917,1074.0113553370168,1552.8118380740525,3338.8273613466968
3.917,1176.1285144610206,1716.8526770109768,3335.232387903836
3.956,1085.7345058202757,1643.8583177295695,3852.815997672821
3.956,1307.2524813079033,1790.1733262104055,3128.0004946622644
3.956,1195.9959380979067,1729.2250230717698,3237.3772346702
3.956,1141.6509027046538,1365.3431841561528,3450.5310049993936
3.974,1280.2015087549612,1536.2336664871787,4109.616214248796
3.974,1114.6618352007565,1526.5034830046786,3460.0680414891644
3.995,1609.6579608990223,1599.0560420736285,3893.0023543753127
3.995,1184.789875669833,1574.7318378138364,3486.3205896386776
4.016,1515.2629893880207,1544.9516063136923,3791.0145126204393
4.016,1219.5954737044538,1618.8650027646286,3569.678025062858
4.038,1179.3932758155968,1767.0567260813677,3513.415331372563
4.038,1142.829080946778,1589.0819617954317,3962.2760134207147
4.059,1349.641584167782,1655.6704877651475,2715.8211320351293
4.059,1180.3225240232018,1648.9051648297414,3846.6637406235786
4.078,1392.6513847489598,1615.3859335336465,3779.7194921837804
4.079,1199.0729442113575,1688.5398488613403,3560.2740546660816
4.079,1412.8481580856567,1624.6719656186629,3773.7703597826685
4.079,1269.6669910881392,1540.569949329181,3656.5198192616936
4.1,1208.8974592128293,1713.1252006285308,3637.36684464468
4.1,1367.2093010796093,1489.3139873932162,3481.4907734345743
4.12,1373.537027819897,1533.4391864630925,3559.780683513671
4.12,1156.6656686518238,1449.7543372614268,3738.6339562432495
4.141,1118.1164561550463,1485.0793530456788,3312.052924767182
4.141,969.5694760871028,1661.840553419648,3186.8307818856033
4.162,1321.2582593067693,1554.095986755829,3499.839409853313
4.162,1185.6799268026639,1596.164936279819,3795.343715526905
4.183,1370.5144954061175,1610.6011235865346,3918.748467254646
4.183,1271.8475675282057,1634.9541686779628,3726.838114817162
4.203,1250.6671152577783,1600.2605005708367,3752.2469452193677
4.203,1099.5665847423652,1670.2844513118334,3538.0430428811937
4.224,1048.099896631075,1413.7825858951337,3238.800763534007
4.224,1362.593216320507,1677.2243917998053,3309.4027980358164
4.245,1190.9184047727763,1682.981493784487,3206.3659709579433
4.245,1224.9987517771056,1516.249315173152,2857.903873021703
4.245,1307.2161573295068,1585.4925021274041,3688.6979852910486
4.245,1080.5759835044544,1659.8208381166771,4164.4778584795395
4.265,1082.5592344106337,1640.2433967594125,4044.0472461291397
4.265,1419.0619225500354,1610.8286877836895,4053.967447323177
4.286,1389.824663686333,1636.3959413546024,3605.206356350147
4.286,1388.2954571199798,1525.563506919627,3411.4801376799483
4.308,1096.3612113201198,1350.2334959497693,3719.1068976560646
4.308,1082.8632827860285,1662.9372396799577,2964.3949714332084
4.328,1113.1745736965343,1735.5082371532526,3245.3835439806576
4.328,874.7664542911307,1591.2300534747487,2274.2868057722717
4.351,1199.0563622141963,1609.880877686609,4026.5046311576048
4.351,1205.772952741775,1582.8458820336566,3537.6464309326207
4.37,1393.6683456306628,1750.2668089949295,4129.294259707953
4.37,1498.5808802011309,1665.1747249257965,3930.6001911674844
4.391,1159.4016442058253,1518.6263938539896,3747.8781233320383
4.391,1255.081657184928,1732.579161354181,3695.0653607940935
4.412,1097.1646401218804,1609.4462677504848,2644.7681295574166
4.412,1109.8255930947944,1728.9987901018073,3364.570486387473
4.412,1121.2881755938527,1593.5207917982298,3012.871927849499
4.412,1150.2613818048615,1648.9833480139678,2866.7434054029327
4.432,1249.5574952081777,1753.5807915908078,3469.6934211713924
4.432,1336.5314959193845,1590.3988417410974,3710.082818692741
4.454,1321.774640397903,1629.4160435906351,3674.287396014136
4.454,1264.1868595745657,1310.4087588787727,3592.8501975325516
4.475,1358.7707171697339,1501.8225253852042,3575.767846969122
4.475,1267.7908065213207,1590.4011221708556,2997.9109247148067
4.495,1108.1846151984532,1529.0491526288336,2760.1395532246243
4.495,949.4961105784837,1585.4422845386853,3740.8635979332403
4.517,1002.1222770601447,1313.2633612564384,3171.0795130428196
4.517,944.9441183642892,1516.9649227738566,2882.4703981623106
4.537,1222.5446961748005,1650.603962978557,3243.3264157156655
4.537,1185.6517004326463,1616.168566257398,3953.5227292327754
4.557,1504.740947341473,1468.1717051292105,3527.20499672921
4.557,1479.2814657407857,1733.1801116392187,3901.2985896086866
4.578,1107.3872465966483,1515.7389394767201,3825.18254350816
4.578,1295.4621869552686,1624.5937591999318,4222.015035815761
4.578,1116.5079910376082,1601.2616011607834,3012.562379714619
4.578,1074.3880364681618,1737.575367131633,2945.0273715210174
4.598,1069.0695629716135,1798.6369509786648,2556.9233200297354
4.598,1221.6714149588374,1624.7455574823582,2828.8557966929925
4.62,1353.0939898982474,1414.2213692380867,3692.9656558294455
4.62,1341.1838209084742,1588.081187412724,3697.7250921522736
4.643,1356.1349263068014,1721.5639364181056,3832.5210835228354
4.643,1424.533292108751,1536.0937017856402,4280.76641436655
4.662,1307.5545769399457,1710.366803298755,3219.8037012679692
4.662,1218.2716844304423,1715.7742305620345,3829.390004946336
4.683,1203.1573734505162,1855.1469683622843,3061.7642357804543
4.683,1046.3757106592611,1644.8934864271168,3697.615310834126
4.703,1047.6452178024033,1754.0717909168307,2928.968456786458
4.703,1109.055429666835,1636.7297090647655,2968.0859565903975
4.723,1121.9877908748783,1548.3762103791742,3939.6843889928296
4.723,1273.219059928664,1484.4832711365098,3727.3534138751247
4.766,1403.30330733996,1658.5917318878487,3819.1606654347243
4.766,1559.0923981165208,1633.9202484917585,3711.2251413995164
4.766,1288.868693447242,1589.8162820564926,3567.6151768681275
4.766,1292.135715186967,1540.9206855484354,3990.1603293490684
4.767,1068.5808913110213,1683.049914806876,3500.8047513680503
4.767,1150.4507176060397,1577.274742004868,3125.393184939722
4.785,897.5796084194574,1558.789705158826,2839.996349040033
4.785,907.878333341362,1344.4497333203785,2617.856481393861
4.806,1309.13862714405,1728.673808881406,3941.043422049634
4.807,1403.300209871447,1738.8485145686802,3862.333870375026
4.827,1562.1258383041027,1509.9710883184464,3726.21451871895
4.827,1446.520195383473,1623.2571508446165,3787.4922882490523
4.848,1159.7960898026138,1684.4712241938862,3699.230026238519
4.848,1055.8937646324923,1678.5257577358464,3434.7193910607725
4.868,1184.0919385760496,1588.224766956875,3122.173258369821
4.868,1072.6697235902723,1594.5072492231363,3545.957445622353
4.891,798.3957457949355,1566.434844512422,2403.8845452164774
4.891,917.4213194533241,1623.3504643957804,2590.467108596939
4.911,1377.84471251738,1631.0328657355462,3793.056242684542
4.911,1218.4636454851275,1678.6504943258828,3886.748702479287
4.912,1271.83404725384,1642.1053299101723,3787.21875072155
4.912,1346.779674893341,1531.748729022041,3710.8995498071095
4.952,1232.6576170377289,1614.1096652300123,3867.5538271512733
4.952,1115.7939466325224,1748.6583204943997,3706.2943845231007
4.952,1292.4565810553731,1524.95487041423,3915.3454574588486
4.954,1216.6526724648502,1601.2139119874914,3525.8883688784285
4.973,1124.7717168265788,1456.640160099631,2754.6825048930746
4.974,1095.4366195154228,1793.586368090677,3214.411389033381
4.996,1182.9792035769387,1405.4847598064812,3342.8632415267807
4.996,1217.0847323951264,1484.6436492877888,3915.4989103028256
5.016,1224.5909805184576,1790.4650245489947,3876.973599710369
5.016,1181.5304161026322,1759.437027448521,3787.078821274624
5.037,1108.2612357046542,1652.9752723992008,3932.5550661804164
5.037,1268.1908506627312,1625.8438179292252,3748.6930657252014
5.057,1282.6631521272072,1747.5762185233348,3530.822513911636
5.057,1055.1407551402472,1767.9907787321413,3512.3221985242535
5.079,897.96580003898,1413.1926610881312,2903.268840678844
5.079,1159.5269748349626,1645.1610728257303,2646.0813272278283
5.079,1182.3449026931712,1491.9153651548406,4234.098977176282
5.079,1407.6825764274154,1573.4663128536022,3905.840194819351
5.099,1260.673417331236,1581.1170280823644,3905.5516580673693
5.099,1294.2403092851637,1538.9992021978367,4070.431160774612
5.142,1204.891145683419,1754.4992169304753,3599.425766831319
5.142,1219.8507829453092,1713.1642740832892,3689.391058679977
5.142,1317.41113688804,1444.6239598991478,3581.6397859362937
5.143,1340.965522365896,1726.840784335577,3604.6775945158743
5.162,841.7730690656576,1490.5100241534233,2794.4772791523546
5.162,945.0207451745296,1293.0690045044846,2694.2098269400053
5.183,1220.4840753634498,1568.2235132782037,3810.705155825779
5.183,1307.898425050336,1653.223281895769,4108.508647701172
5.204,1194.6351963736993,1631.7390246670682,3770.947355961247
5.204,1176.6113317335728,1782.7282303133738,4053.6340966630232
5.225,1275.8575662313885,1818.4582127892984,3734.1778412780545
5.225,1148.3066374546706,1783.4017870273847,3817.7586205352272
5.247,1289.8604564609338,1669.1725478119354,3446.4567236485022
5.247,1286.4103304485066,1742.463721434211,3448.502842345277
5.247,976.9292958920288,1681.8048364495428,2691.3068843966353
5.248,1127.674552483164,1627.7198284973838,2977.164114576574
5.266,1289.7678737235685,1625.2180180991966,4128.506074099884
5.266,1232.4558103305926,1568.7477514458396,3707.2243527853593
5.288,1341.8304532335526,1600.8863310246106,3500.7573201837554
5.288,1335.0196560247527,1760.7961936388458,3809.04833216507
5.308,1362.4489279011761,1380.625720021137,3946.302344150083
5.308,1266.3916205131213,1377.3130145001103,3742.046470181097
5.329,1194.8005800764956,1631.6301052455499,3389.9775571179875
5.33,1234.7745342045428,1608.0410804765868,3729.2350726172035
5.35,895.9649665975312,1666.3327544988022,2939.653846381356
5.35,993.8948361511199,1630.913201636929,2850.1104015151263
5.371,1196.7010812623632,1801.0113714254753,3918.6309198972863
5.371,1250.9695240018282,1691.4518593602068,3806.478853675683
5.393,1161.37805821007,1534.9962473479784,3987.727921865035
5.393,1229.8917326520095,1536.980257336263,3602.552929375478
5.409,1408.7105768180238,1548.1578939305232,3753.2410976905894
5.41,1257.1088240821655,1535.708194652701,3751.193470619729
5.41,1141.0119128176682,1561.2230549985309,3577.6062565057878
5.41,989.6540163741882,1627.4611601566908,2847.8099702598056
5.43,848.8767944522116,1756.2639054867034,2680.3907448767777
5.43,1036.3724231906867,1603.5923844229885,2730.34305259337
5.453,1260.9785638492308,1429.5985154330651,3917.178968321412
5.454,1209.6358358707284,1531.6092194496007,3674.6948449459674
5.473,1376.8942490632094,1671.1519442403057,4085.7893982641153
5.473,1093.6251377961194,1515.2096980910894,3609.715360980415
5.494,1206.8699397735481,1851.878153554959,3864.0092845498452
5.495,1244.6330090379815,1968.4586260164604,3873.509190669329
5.517,1112.7002056990982,1717.992585527008,3568.5906457218884
5.517,1216.2686816050584,1757.3787523748963,3648.4748410409093
5.536,1067.732482491043,1560.3987586514836,2887.348770531356
5.536,763.9018221445189,1653.934776394954,3418.9472539162393
5.557,1271.5611740394547,1674.565268105118,3975.1188152393547
5.557,1433.9990623971992,1721.4439600944152,4169.76078575514
5.578,1167.3705544255827,1597.7217282501153,3458.38172229402
5.578,1360.6086703141045,1643.2672768325654,3640.095584123289
5.578,1302.7111845554628,1930.0127757272498,3674.9717243775203
5.578,1383.9057842135142,1680.7856875266054,3960.3541954569787
5.6,994.0700386765902,1751.2251632510802,3304.1591610176733
5.6,1138.0213337431212,1596.7644001932752,3736.8552502540906
5.621,985.067242935617,1767.0705069819523,3329.9817941569468
5.621,1148.422193053903,1496.8587132669747,2817.529543610673
5.641,1196.821698593608,1444.4079140782585,3850.3871199844507
5.641,1283.826262546326,1813.6620502313226,4269.627588660443
5.662,1184.5369894609914,1852.0324251649965,3710.346691847238
5.662,1277.262787387091,1679.2309740782619,4211.200420085032
5.682,1282.2951140845432,1556.0950754599298,3743.8796738095816
5.682,1215.7829249467356,1606.0186060873082,3911.595135337465
5.704,1196.1801303800796,1735.3555067026084,3178.661198034607
5.704,1030.865620729534,1587.9605829213715,3464.23513672261
5.724,914.1746091004518,1636.4895984356867,2943.7844869043315
5.724,985.3179959248125,1651.6587319092341,3320.862696338941
5.744,1300.7614380428813,1593.7848865052576,3611.5152862095592
5.744,1288.676631788238,1694.4609170215924,4000.2471933913494
5.745,1151.874314199074,1580.5378551109754,3576.765370042342
5.745,1218.3984301769012,1540.6933178711517,4083.6038796472494
5.765,1147.1317563144837,1664.545658868498,4007.6413002175414
5.765,1391.8661029287389,1552.2838961039079,3767.3839342167585
5.806,1205.60578005219,1636.7954485118414,3196.8800936331977
5.806,1079.3933049205662,1695.9623878846949,3504.912919816331
5.806,1211.8340515681707,1732.7264749063575,2723.8025729809106
5.806,1086.3878483662793,1605.597086172222,3338.17298292119
5.827,1213.2434811806704,1447.4706189465676,3667.4951237438363
5.827,1305.9741481084675,1618.8810498147818,3667.3308382485993
5.848,1397.596941251504,1498.126153352986,3758.8369766526084
5.848,1348.052239238765,1799.3796621708125,3591.7895568803183
5.868,1362.5079331562017,1676.4857520683126,4198.246255889075
5.868,1198.0327546682486,1805.8412208418415,4258.539429398936
5.889,1065.5585655638286,1486.4097882742615,3581.3227797120717
5.889,1054.7388913854886,1645.8699841483428,3738.375639138188
5.909,1083.3099541536112,1600.202559660902,2771.76308075456
5.909,901.6182041228506,1456.8950692810886,2449.6425102002954
5.909,1212.1205871902973,1409.9240893555118,3604.6655491490737
5.909,1328.0481100603345,1518.7878134998898,3535.7916772201934
5.93,1181.7912210334953,1672.510115029812,3450.552373245146
5.93,1175.318150582052,1604.9727762839618,3736.53527986055
5.951,1433.2037850320905,1806.9589222148898,3738.4609676007517
5.951,1274.40831070988,1526.3087922685986,4014.4664864966544
5.97,1216.48873107948,1741.8771986687175,3642.883424432456
5.97,993.9740584020133,1720.3275320826974,3049.2440406561304
5.99,978.5701789760346,1468.7938392017197,3112.3241755983413
5.991,842.5157198247477,1614.08452338733,2910.0285203044446
6.012,1306.8514080751402,1540.2934565273285,3717.9947914163013
6.012,1307.8353164862135,1692.223745273352,3471.7502762824884
6.034,1291.9283334492084,1649.4149432107042,3611.1618182531147
6.034,1276.2292793972872,1504.3626553232948,3762.164507737573
6.054,1362.0549278110882,1526.8423878737515,4259.544046675358
6.054,1270.8662830910475,1743.17153376311,3871.6239197748046
6.075,1074.7951569193895,1735.6880201687522,3733.731526057837
6.075,1200.8974985515924,1477.2635024183044,3677.8033410622234
6.075,1003.0039387516222,1600.6838040054363,2679.276199717023
6.075,959.8724193449208,1639.3281760268412,2727.9962868351613
6.096,1208.4257728342534,1518.4618504668822,3524.5066395966937
6.096,1290.228377933099,1480.7714347944388,3932.817223375043
6.117,1246.6454957508759,1642.4273655404875,3814.6026035028985
6.117,1218.832891162622,1705.7826148366419,3463.0441105746163
6.138,1224.4309187508798,1527.3821023197306,3615.8873055036847
6.138,1422.2263725996338,1488.6025264545922,3511.980620204477
6.158,1256.7995709353268,1809.5583752373768,3759.11590194811
6.158,1257.1780027764125,1461.9078001791977,3388.243560469302
6.18,889.9986846820412,1684.7307068525834,2989.3441154287725
6.18,1068.9172220147966,1432.7550225336656,2617.2505291208886
6.201,1159.6948243948236,1610.8956376981564,3616.4839456711893
6.201,1094.1814650878873,1442.2675529246662,3241.4985133783894
6.223,1281.438698930429,1937.519340258133,3985.9279703290945
6.223,1279.8764384902893,1838.8790677252593,3879.7737323292454
6.243,1526.492075326305,1637.4336264781784,3458.3559500739684
6.244,1407.8083656239603,1711.9022795993042,3789.783593137184
6.244,960.4434132919553,1570.9638942844474,3316.5129027256467
6.244,1119.6591883944886,1721.7512924969678,3027.6063866396944
6.264,847.4366643650372,1604.7373578286374,2919.3826748841466
6.264,902.6229142064946,1551.1736902614405,2943.556149774571
6.284,1118.2042115891024,1500.9166593577374,3201.001047893512
6.284,1211.3373854137349,1466.9069670101123,3803.4281002083253
6.308,1325.4325622136662,1384.1226189328268,3712.105395314459
6.308,1286.9844634245496,1584.199150495521,4568.641485321404
6.326,1490.1241832072196,1454.8695218483774,3724.2462720833983
6.326,1382.827350826743,1631.032986744938,3582.160164308401
6.347,1192.9499587288522,1691.2669194194245,3571.095771141428
6.347,1125.7557817494821,1548.241075029047,3467.294821230287
6.368,986.8183436381413,1742.4721285549008,2492.4922628721188
6.368,927.6420348706703,1356.69279642783,2643.80071796712
6.388,1225.1338326576415,1650.6800887875813,3400.6786019124224
6.388,1122.9860517727382,1730.351672133337,3802.2822837858134
6.409,1197.9533186800982,1593.570775711205,3681.305641838698
6.409,1171.8225059157414,1752.4753950362438,3713.299240980188
6.409,1415.7807707539312,1387.0534021091655,3659.886627253453
6.409,1325.001914030593,1753.6786740954828,3698.951925569889
6.43,1088.0735405221974,1524.1270701748267,3285.713411504017
6.43,1235.4811733089743,1544.7989141151088,3279.9740381134798
6.472,1067.6243364785864,1537.8936323723196,3165.2942183813125
6.472,1060.2001331612935,1404.3972457432515,3249.7809092029315
6.472,1149.6877852450439,1633.9794864809644,3801.807838755435
6.472,1228.9636288714464,1690.5061683660426,3634.9992630179363
6.493,1355.6672500837105,1507.3370843258826,3805.885498953063
6.493,1245.1769961892883,1636.6091154117453,3720.0516724107083
6.513,1364.1433952143404,1663.6618338767223,3992.581264430135
6.513,1495.99809979359,1445.384888055397,3355.202543078931
6.534,1328.9824043412755,1799.6857805254126,3509.5582790311255
6.534,1129.8515417927435,1642.1543654212487,3453.3639742271353
6.555,1182.6718367398262,1657.42327634548,3591.336356786971
6.555,1180.899624670022,1574.6882554201172,3646.0579790698666
6.577,1107.51669865445,1641.9341725519805,3830.745118354393
6.577,1345.8137740364382,1654.9298783145568,3823.9112524652533
6.578,1229.398723965842,1594.8147513493057,3611.2951047665365
6.578,1262.902253685828,1569.7641239065729,3943.74514114542
6.597,1408.85006855286,1549.3495173346473,3534.963453387757
6.597,1401.7631521844487,1512.4179358955337,3872.7668759588278
6.617,1020.3589271352436,1733.4366043946598,3994.1565684281463
6.617,993.1120586205293,1614.2724175320013,3553.174708782212
6.637,1151.6027813407543,1477.9483638630015,3820.6907231998766
6.638,1252.3618636693363,1661.9914118521576,3532.7232220498568
6.659,1167.446185183823,1591.0259497624456,3373.8775587242817
6.659,1153.048675921935,1421.7368417618025,3244.584073301997
6.679,1332.8187385222207,1752.5073318650107,3522.972459469201
6.679,1313.561213263018,1490.6326934201866,3535.922568867688
6.702,1236.826738916264,1430.028635730876,4138.006377726853
6.702,1237.0889770456567,1571.208776437817,3718.9179569008224
6.72,1245.944894433084,1415.0040187518123,3100.389092004867
6.72,1232.3012014202675,1663.151203382191,3896.760467799805
6.741,1153.2353006559886,1714.9463528873007,3483.5307623878575
6.741,1337.038524102736,1484.4996046829478,3549.5222311596494
6.741,1255.1567596845034,1690.5735951106308,3424.441552984734
6.741,1166.5886223395282,1440.4721703981922,2996.579116789957
6.764,1306.4387488356713,1565.7796103641679,3773.200902937979
6.764,1179.0120562819675,1498.180292700433,3845.7656453450086
6.782,1423.0253697758105,1745.1296065824426,3589.377228840694
6.783,1588.861405433006,1723.1441160715956,3169.399677224561
6.804,1226.6538984321764,1408.4601032665396,3875.621936519045
6.804,1181.7882064478208,1639.9424916021426,3706.277959070305
6.826,993.3914728708169,1477.77701060696,3157.339516695424
6.826,1103.5635142973574,1532.5159116637624,3411.937110328875
6.846,1137.1313775527847,1564.2847996124506,3371.993555372448
6.846,1103.982472900702,1784.5050854011483,3294.136829275834
6.866,1306.9687349819817,1491.0117415972074,3957.297880428713
6.866,1248.8940742657476,1497.4729289442066,3774.77574557691
6.887,1423.178770225831,1763.0897161452979,3961.3636931025935
6.887,1311.9885855590217,1574.0518698449162,4119.985053514129
6.907,1149.9746585641383,1515.5602199008501,3058.0852153282285
6.907,1197.2299801099637,1769.863636356083,3010.109429438677
6.907,1134.5016275643366,1463.2343135952676,3353.9650691173483
6.908,1128.6178646477224,1572.3890802621593,3444.589026465572
6.928,1250.819641831205,1654.0078474511593,3619.181816087254
6.928,1108.0463275133561,1509.8593711993854,3687.2742002207865
6.948,1099.1077854893574,1621.7250806542318,4105.235284936646
6.948,1067.3917139177206,1785.2591848163272,4077.8105846302383
6.968,1339.3238701030016,1792.5679893004724,3558.6042359420317
6.968,1474.6197488889588,1496.7367269010979,4025.282734244134
6.992,1191.8042779196433,1854.9563550065823,3171.5723074539037
6.992,1162.0172388121653,1599.06745226735,3992.7261745385213
7.033,1210.2187146485028,1549.1533486958406,3466.159562944742
7.033,1218.4747073035144,1494.4778992912832,3654.3753968658175
7.033,1038.8810657440338,1495.868605940709,3665.7400692291444
7.033,1172.6337887217683,1745.6544122523815,3599.6125495622773
7.054,1147.6969489024273,1536.3414374059525,3132.105148512269
7.054,1231.189801178664,1718.7648249667086,3801.0009039033534
7.077,1230.6656546300796,1579.1664402191125,4025.866527442694
7.077,1206.590153670967,1489.1860438675649,3850.053246389148
7.077,1135.2628149446775,1522.0901528801703,3434.5141253276206
7.077,1215.0484437912291,1446.3797527973447,3632.7418802122957
7.097,1165.5717870481515,1629.6265914177961,3367.0675842516484
7.097,1175.1181253807497,1646.168708556546,3144.4684981831083
7.117,1080.3740347611288,1525.5231666120544,3631.1970587614073
7.117,1249.9736105282113,1544.8880683349082,3525.0108596933064
7.137,1136.6999879375455,1836.4772903050498,3871.165371562926
7.138,1286.037615683785,1402.715165331163,3228.9173766322033
7.159,1173.304990164922,1396.0636539655438,4146.627095103608
7.159,1287.0230781261394,1500.2704406688808,3828.7442163411074
7.179,1333.8226610207169,1834.0566869890156,3568.592570012262
7.179,1222.9185031604682,1614.2951170554063,3707.7797676578703
7.201,1182.6569117423935,1483.6329860177686,3638.0564497110768
7.201,1044.025419982161,1507.6073592154407,3450.767012507563
7.223,1152.4324557861903,1668.169123651579,3658.2396173722764
7.223,1085.692939633214,1616.3800129462957,3317.5355709279547
7.243,1210.5577061278066,1655.9915692667014,3603.031695008233
7.243,1210.5610374676842,1532.1627385810234,3803.509567684365
7.243,1207.9645835848482,1650.6389811034496,3844.5311912429293
7.243,1231.954967273197,1760.35206796903,3855.8208030143087
7.264,1219.8271595443964,1598.9794779498816,3170.5752434692636
7.264,1118.5350713120126,1774.3802220154903,3685.1870596106646
7.285,1236.5240677740148,1738.389741673245,3735.2962126649577
7.285,1348.6752431998655,1533.0429679674749,3373.851454428391
7.306,971.6626428933596,1650.4905389486742,3126.38267529912
7.306,1057.5561771278142,1417.1423699850075,3578.6522181256514
7.322,1159.7984020059782,1547.528259284225,3888.7544852619826
7.323,1191.8076988458504,1573.5933295683099,3564.934917729538
7.344,1253.6492177383197,1554.067126558842,3600.1691299085824
7.344,1359.5013997973822,1721.8812254415989,3666.745744414683
7.364,1076.4281281211656,1469.9774885545444,4061.410859054276
7.364,1247.88149286941,1650.2872735427359,3467.7569492705898
7.386,1282.668444017675,1591.9346699888165,3636.0870788826132
7.386,1220.2706515688747,1433.200826101931,3526.8156973797713
7.406,1079.7748267006239,1741.068915411773,3012.3982129673645
7.406,1096.0788759662958,1618.0141304621977,3101.6188943231205
7.407,1378.8230813580733,1445.9892828416791,4187.7481027042895
7.407,1186.2011471254998,1406.4525799624566,3002.6376974637096
7.428,1262.6984214765494,1506.2307883770836,3930.752904308316
7.428,1356.9409262110344,1632.96340162217,3626.8124750621005
7.449,1191.2973249823726,1638.9829116645826,3583.794996740526
7.449,1112.4199618206928,1485.7581911208092,3385.92906751838
7.468,1165.4073255039698,1714.6153905502438,2957.654441026827
7.468,1324.2239101698397,1472.7709199565372,3229.1696189468175
7.489,1150.6815720000407,1627.180642745138,3179.154419226702
7.489,1157.7170139083098,1676.4774684628458,3225.221057367864
7.509,1051.8821783307576,1698.0827024237972,3736.726846155053
7.509,1297.8073674638015,1479.8480292182055,3479.2543540292063
7.53,1334.90051828793,1769.1332125035078,3832.7520944477465
7.53,1206.0294779395306,1585.8099693935067,3891.8657412364246
7.552,1333.7676361671543,1795.4773153316328,3811.6814966174734
7.552,1239.2442522459937,1547.261212463498,3614.6149461162845
7.573,1038.712011978333,1669.2464040184145,3179.5585574808374
7.573,1154.67068120238,1556.5616702338568,3481.8323187552023
7.573,1099.2262142312077,1596.7735713464624,2895.222032028167
7.573,1262.1982210769181,1604.3806756650943,3262.9362812366185
7.595,1276.987188485702,1639.5724138341297,3631.102568982177
7.595,1184.4385107829053,1528.5761473577868,3391.387299163427
7.615,1325.0550050076415,1588.2485713541375,3813.3402571807824
7.615,1357.2728717489945,1644.8260407768662,3285.7768590988617
7.637,1384.6256697411166,1523.874959049668,3392.174229299087
7.637,1199.4102186237917,1654.938750405607,4200.249856485913
7.658,1154.762927983907,1642.3380202398687,3625.162316460726
7.658,1300.896090839173,1491.8504556527903,3317.437211266729
7.678,1050.4332992381997,1604.4043347720115,3068.8944269278377
7.678,1085.6929086546656,1544.226535982254,3100.422196778886
7.701,1351.299704540082,1541.2938073687624,3509.9841559347733
7.701,1200.5018108340457,1634.845073823516,3834.4391921856236
7.722,1201.210695112036,1693.7372960940354,3725.115327498552
7.722,1308.6351903080224,1507.8872947084885,4093.9544722478176
7.743,1254.6244005673593,1617.866261247471,3902.256437231738
7.743,1300.3055391505113,1650.7919296157493,3418.6809080615863
7.762,1004.6979596559615,1519.6197299665935,3315.324748131066
7.762,1033.7641558714106,1566.6329183196106,3699.951174890119
7.783,1154.9592093353854,1652.3715446062924,3116.5083051961205
7.783,1036.098942603597,1604.8365615482508,3023.7768065848727
7.783,1107.631566602703,1584.3894292752816,3690.392193441623
7.783,1185.758944288391,1730.7402261251482,3585.541550968691
7.805,1222.4471128512714,1525.0573262469281,3867.7457583207024
7.805,1322.543749742565,1600.0401027213584,3572.5656460396062
7.824,1115.4071278559168,1490.7089684261193,3749.1846830780214
7.824,1200.5512026038714,1501.0209799263796,3905.3455296452803
7.844,1221.813045323454,1670.487074660692,3550.209718633297
7.844,1225.8916823691395,1547.881619837575,4186.282079180246
7.886,1048.0770062000313,1756.7178458321873,3732.61461056424
7.886,1030.7438243236227,1614.0778638663767,3320.3053403871295
7.886,1270.4270680435388,1622.7556286731826,3903.689593866136
7.886,1221.8919650591624,1734.3227993106134,3554.393851934018
7.906,1257.7535790605807,1465.1448638615836,3782.7798454951185
7.906,1191.8680574731811,1510.1068673164204,3548.4704238154623
7.906,1236.028513945809,1590.2368840737925,3802.424806144707
7.906,1283.421033919571,1605.2173243071845,3524.799176684569
7.927,1174.4533313876439,1400.7262407732323,3286.012157948368
7.927,1107.0017741101747,1707.8635165537144,2997.968022281358
7.948,1013.5904707173001,1706.5295581622784,2734.6750838051694
7.948,1166.2321774490706,1455.9576440448543,3197.623476323704
7.968,1193.8513574719168,1733.8231950983818,3707.521160987247
7.968,1210.5725962425463,1582.1913894826541,3839.6377313773837
7.99,1124.524783760364,1616.1906443036146,3874.6763340792904
7.99,1156.507745288291,1605.7930023450983,3475.522881945154
8.011,1239.007061246766,1524.6324336510595,3771.2520093321846
8.012,1295.8799927009622,1658.1585708774157,3733.3688140733393
8.033,1360.2593985324493,1558.52708842117,3307.697009679162
8.033,1241.061237793079,1689.2524807698246,3802.0846453208796
8.054,970.0927313926667,1625.8038572158273,3366.8665635701122
8.054,899.0532054251236,1531.9767740716327,3130.616254572558
8.075,1160.3984135996548,1636.2951566168676,3970.493115639431
8.075,1310.286657943605,1397.1639628889188,3690.8110821479604
8.075,1204.6532358614759,1765.2835080545156,4066.3865212992387
8.076,1248.988001067483,1676.008505913451,3894.665302557051
8.096,1283.3170217491472,1427.8096121838075,3260.4527157642083
8.096,1317.4447513469097,1857.3017496133248,3972.1527848592127
8.116,1041.9826409393477,1492.7305875725085,3627.098325320864
8.116,1245.1513924845358,1578.1475503253282,3534.5559873621683
8.138,1134.8489131070503,1497.964496707989,3423.4652760894073
8.138,1023.9506154785726,1421.187415264661,2898.8236839389306
8.179,1242.3841100009606,1591.3762000358554,3846.638171698554
8.179,1254.6455269768123,1656.8695401456866,3697.0296716098624
8.179,1135.7181439050623,1415.4934694179833,3855.3013521895546
8.179,1174.849616438708,1528.5258534500786,3530.6623869569303
8.198,1125.2251194102992,1388.4218573896246,3672.5312785219544
8.198,1117.0518481431516,1438.3011733315147,3340.734873622424
8.219,1091.5136687563834,1452.636059024543,3223.5009298221526
8.219,1103.5587317776315,1659.8500299466803,3725.772285798574
8.24,1037.5818607289889,1648.451088400044,2979.1815173002524
8.241,1233.413798546718,1659.4301923156575,3023.8361710592394
8.241,1235.2360774683077,1444.0964710919834,3920.8100619121524
8.241,1374.1025133281148,1680.1230861984402,3529.807438152614
8.261,1167.939880514338,1616.5713780017727,3871.989648758593
8.261,1330.0134212841642,1598.8421819161981,3838.2760167825086
8.28,1184.473887178068,1629.220554288596,3637.479197954486
8.28,1244.6327278413914,1669.760937179568,3664.0062953202832
8.301,1372.8517247405762,1605.5418959925078,3421.863378422032
8.301,1340.3919033483799,1640.7051881699997,3503.642323087672
8.321,1116.9758301772274,1582.9026758534412,3275.4832673078013
8.321,1165.3490577680711,1549.750714052577,3351.3862682661415
8.343,1290.7429787858728,1648.871774210534,3980.206273489155
8.344,1260.3154399530306,1787.9905963288436,3765.9771983482874
8.362,1252.0388231382567,1711.5997900277448,4102.181420841257
8.362,1342.6697258456295,1639.720965446843,3765.775729286108
8.382,1193.2055729115334,1724.7155458079872,3400.651132859466
8.382,1235.5514048585212,1787.921849948026,3644.939671919406
8.405,1148.4283828961393,1740.4826728929793,3446.763406774427
8.405,1227.3670324380498,1579.676544822417,3857.1791285737827
8.405,1222.9603750541605,1556.8032694795636,3043.64451603119
8.405,1145.3500873042165,1590.679696193347,3200.994698112457
8.425,1176.7667356394538,1597.490440998812,3237.0695713023097
8.425,1157.4518358370385,1651.1015378026336,3845.860835190175
8.446,1379.0228883221591,1518.1042561671625,3479.1837152980092
8.446,1269.2975773541086,1683.4292788939308,3889.422665151046
8.468,1215.3649237766565,1551.5550182464383,4094.6801061929664
8.468,1189.9828270152889,1694.441945482048,3602.753331443255
8.489,1082.6942372661274,1400.5498784518575,3767.0945793473593
8.49,1271.1994965954812,1536.2039799855,3637.507774706459
8.511,1257.0532107372346,1617.2994586442699,3156.8789930571947
8.512,1143.4812237187514,1592.304473139092,3053.540852785494
8.533,1133.0614477254885,1653.3421469978998,3551.055931552669
8.533,1237.7598153855704,1588.803599284057,4032.278840350856
8.552,1188.2621556153836,1432.5354170294572,3660.419390925214
8.552,1185.6221037830448,1682.1160072229331,3964.4571121373656
8.573,1243.8342185683366,1780.0407943344794,3463.8821090391325
8.573,1408.0678022369884,1419.7185590049296,3651.7970784627823
8.573,1202.3742596551012,1515.302724125353,3571.363638556854
8.573,1055.9573584002594,1667.4736432894263,3788.7215289679984
8.592,1028.9628813934187,1475.052076880196,3225.1800180053274
8.592,1116.4932755200896,1660.9900148568374,3153.31293147476
8.613,1193.1619281066626,1851.1214976094589,3815.931895162451
8.613,1283.2534186926232,1665.4591927662802,3895.085100891532
8.637,1231.1533614506743,1647.3590734209376,3939.0198824497197
8.637,1235.8168549443685,1565.631127111949,3713.295001570998
8.658,1231.020835243458,1584.3183880140725,4007.2672274897404
8.658,1134.7402409608756,1583.7802524129668,3521.7600116065146
8.679,1123.8730486504103,1513.2272831615978,3210.1175817195412
8.679,1276.5694266136616,1693.1547128488976,3238.9443897825317
8.701,1218.9213720680107,1567.5287646202648,3586.7365602757013
8.701,1142.4316175069296,1756.2187239647897,3239.1792851851988
8.723,1256.2249848794966,1590.8106134501495,4060.765421515295
8.723,1295.0205078202396,1565.941913959031,4341.466533628086
8.743,1263.9537536978348,1740.9724697019371,3674.148849164367
8.743,1161.763647454638,1600.376956371903,3615.4505487241827
8.743,1553.396511662376,1508.2538540746157,4076.4348525329665
8.743,1270.723948943041,1483.6633230934142,4151.931040886315
8.764,1162.193311394353,1474.8607239505873,3477.2482985262914
8.764,1326.3564413108718,1660.4058721478814,3411.961985701595
8.785,1305.5014702713543,1523.1407031466053,3077.3654841379953
8.785,1130.2436748296927,1672.6675988415352,3259.660516794892
8.806,1103.4635855097956,1922.906202843524,3902.509614459556
8.806,1403.2182918272981,1497.4351640441482,3812.964612028719
8.826,1277.9649619267052,1660.193110836823,3614.0826988317526
8.826,1133.3808714494069,1726.4508228657703,3764.123488905017
8.847,1230.2927005856866,1552.2757660139314,3763.5139306643405
8.847,1406.201739110133,1711.6731860718617,3947.319868131246
8.867,1357.2477211491262,1730.7051731326035,3498.516393353977
8.867,1173.5914477548615,1505.1100695818322,3633.3138607501405
8.889,1115.4424331640244,1539.9968821728135,3609.1316027809166
8.889,1099.7867666954103,1343.5031708095516,3093.4552240350754
8.908,1135.1591151097577,1653.812732157889,3562.3770181242094
8.908,1245.4613065014353,1466.803046243849,4085.355342060947
8.928,1457.893101246007,1618.8113131356247,3624.4950857705576
8.928,1131.4987795738634,1673.8644976799333,3716.8981341361296
8.928,1248.9380255624296,1666.0582807654923,3817.983880523632
8.928,1329.1700443737022,1341.1972768761252,4350.6717859867795
8.95,1224.632384559777,1582.9774886919486,3369.4287262749704
8.95,1294.2458657806228,1632.2639289610468,3125.45280718609
8.969,1185.9963256932656,1685.018604207345,3369.4282464573635
8.969,1011.9466743328535,1675.97969793875,3445.85874905322
8.991,1142.9685196305447,1502.1896418312926,3696.179964427848
8.991,1131.3323616673385,1609.9990320236593,3529.9287929304987
9.012,1416.1063652673215,1683.1333977824331,4020.2514775870436
9.012,1204.2108270990975,1680.294249527025,4022.5994917137596
9.032,1294.9298809598229,1585.9884670146848,3517.1185466612505
9.032,1196.5502294061812,1564.2101576507519,3902.050981211959
9.053,1222.7703382404395,1547.1110564325993,3439.1587145101666
9.053,1173.3644883444788,1490.5789290704413,3827.503743781373
9.074,1115.417045529854,1634.3611973380002,3257.8226215080463
9.074,1181.5163836843003,1525.2167749280243,3447.535851264537
9.074,1157.9724496115527,1579.8733042379913,3848.6022607501627
9.074,1241.5886642391151,1806.1684875715268,3462.735954601091
9.096,1147.7881302933731,1734.1113910498416,3788.003352487668
9.096,1360.7808373047621,1560.0059997499877,3516.307259346599
9.118,1173.318454416592,1504.4240527830325,4150.41607976144
9.118,1404.223193754977,1612.3480665860682,3675.744308912052
9.138,1117.212010296371,1768.1584447467774,3397.9637530505233
9.138,1003.4861155338358,1583.6940821935684,2931.745390235152
9.159,1150.2330867389342,1590.2053422550505,3362.8530771099277
9.159,1191.58993422738,1491.1716540148318,3236.6277191579875
9.18,1169.1484272661958,1491.635553872637,3834.9193872811456
9.18,1253.4503740778941,1533.417016695782,2750.620264388774
9.201,1245.0878782736793,1385.28155518849,3710.7880253647877
9.201,1173.0622289078717,1626.242545333749,3304.127630137385
9.221,1367.7626941523206,1416.4278526457429,4067.4910573041043
9.221,1214.1090656455367,1675.780382115115,3805.175586438975
9.245,1245.3699072412733,1629.170185758861,3499.1579202016774
9.245,1258.5986814350333,1421.0916975409373,3529.2582483190013
9.245,953.5966808674682,1461.2980669930657,3398.3951308146266
9.245,1156.3218515922322,1606.5821867394043,3303.6257961146716
9.263,1242.4226176995926,1409.118499008408,3446.472135519096
9.263,1268.5421707907344,1626.7023993441005,3515.918425054016
9.285,1062.8306310988366,1470.776240966347,3592.0934257195267
9.285,1359.3675229757557,1706.582580439598,3867.5577664005905
9.305,1315.8444095695368,1559.3196527090086,3659.44488275296
9.305,1168.034264927945,1580.2570111060795,4069.738244221889
9.325,1091.3119606571322,1683.4517278959972,3581.2909904185585
9.325,1209.2773111815927,1425.3777963919342,3440.9608389266705
9.346,1164.2944585436114,1633.2136711706955,4012.620702160755
9.346,1316.990966560644,1737.1184959062616,3399.918644080839
9.366,1229.1080306240876,1576.2558462038933,3600.0849349441933
9.366,1159.109968211734,1554.9930872725681,3218.146202090069
9.388,1108.627143275345,1577.728928603,3989.874022030138
9.388,1311.0626768217378,1800.4365932234982,3334.508649917526
9.408,1297.1657113475192,1491.5495269163027,3259.630160501563
9.408,1182.1609694579918,1533.2633938978195,3626.6534716490423
9.408,1226.2206311534658,1664.654993116273,3703.540158399162
9.408,1330.48192240313,1633.889470926654,3616.1245457410023
9.429,1232.9127291392708,1459.3240551222107,4001.058957342319
9.429,1179.8849972116966,1520.3220017847534,3762.2899326787556
9.45,1292.4655762699508,1753.847374237986,4164.829608994088
9.45,1342.2220256143912,1537.6360313277346,3325.608588298924
9.47,1388.574728170483,1514.3423400513143,3310.729062749405
9.47,1007.7248703230565,1676.7903544613944,3278.8295152986047
9.491,1256.8050764540947,1689.7313553737772,3835.995704289334
9.491,1197.3782417534462,1546.006262919517,3417.972868718067
9.512,1380.9354217231325,1466.6857417935098,4011.0857859733032
9.512,1149.4859278324957,1469.893275172303,4132.021980866632
9.532,1352.4369305456182,1805.0309589635306,3354.076874412911
9.532,1318.524517854498,1743.0331645667904,3478.644288419479
9.552,1228.7324891848266,1579.018810248614,3406.2097851456692
9.552,1222.1744658397351,1510.979812219075,3483.1533274923836
9.573,1080.916640774701,1537.0645698610983,3055.61575438188
9.573,1073.975828572989,1535.2945879781553,2760.4385312017002
9.573,1371.325687033998,1309.4877602683493,3394.304740047104
9.574,1183.858487106238,1604.165226624041,3651.71550434918
9.593,1520.3385878397119,1893.4149742293603,3701.9556963075784
9.593,1323.6241344628404,1593.9461010755438,3680.2027839131924
9.616,1513.3977892741739,1614.023088876741,4093.6180615079857
9.616,1101.1178821677472,1594.27881866589,3561.3098859509705
9.635,1177.8835722752303,1729.0651864688218,3095.578073847309
9.635,1243.9569240764545,1358.0252266751513,2658.5488874591983
9.656,1194.8467999010686,1508.5327123257393,3205.1675093198874
9.656,1226.8765143218259,1760.8537812331685,3949.365961664776
9.677,1367.411719205499,1519.431202428043,3537.6046345219133
9.678,1209.111121914923,1586.5889194497684,4208.591408074537
9.697,1356.9847640470716,1676.4617312845307,3499.5118148841557
9.697,1380.8072298583768,1630.6443179337493,3837.4487158295706
9.719,1241.0488985971785,1427.285195408889,3454.894791175372
9.719,1390.8245821625371,1586.3451339019914,3096.712033391618
9.74,1380.2123663553314,1610.9270680126356,3540.4073520255806
9.74,1234.8582104938384,1444.8796232779025,3848.183252492336
9.74,1091.9397022368823,1532.6437273624806,3227.8613155575713
9.74,1265.3191438466793,1582.1614998828857,3471.5862261446073
9.781,1257.1713512913802,1624.3581996895364,3655.6407965198914
9.781,1375.6746912804992,1574.6744482644656,3711.137327332567
9.781,1155.2170464677697,1699.2567205694693,3811.23961593323
9.781,1286.896066785474,1663.6477400641204,3632.753251600432
9.801,1309.7734264267965,1655.1856032068567,3810.7180182803686
9.801,1271.8631891665607,1706.2085558521537,3555.611180497729
9.822,1238.1727869286592,1620.5254010054464,3524.6771016831176
9.822,1031.608701423376,1655.3588187610321,2857.3431928091386
9.843,1028.0722864766117,1613.0022626832645,3135.8737938685153
9.843,1211.6362626930265,1398.3580635478816,3605.200032015326
9.865,1351.3119577565885,1529.0608163238994,3633.709537510501
9.865,1322.2577059989858,1660.318827349512,3809.6317571228938
9.885,1280.4378233450625,1822.5840904675663,3461.6681584072057
9.885,1425.43966265259,1586.5109679881812,3904.2106768063045
9.907,1168.1238995560848,1596.608421167252,3726.9471939063837
9.908,1172.719854707427,1559.9242500485764,3748.10349566784
9.908,1185.1642353905945,1452.7223338810218,3798.597435029118
9.908,930.7195937313464,1700.933252077172,3018.4026433832496
9.926,1105.0486950339705,1362.7209491390854,3279.288336408973
9.926,1305.022616496109,1495.1829818124768,3991.7941702619446
9.949,1124.5382442908685,1614.8395453100734,3712.964278210122
9.949,1315.3949366103461,1505.3631442355163,3920.033717346791
9.972,1332.326501770187,1697.2931804526306,3275.5028716341526
9.972,1444.2345738274032,1794.0405353829979,4020.110225679584
9.991,1321.7252058368467,1646.7912839327585,3724.688174623049
9.991,1239.5401018599157,1545.3392756648202,3878.833094952629
10.012,1181.880484904068,1616.548836764857,3799.2782566973046
10.012,1009.7520208671197,1485.4793533394663,2820.1974103224993
10.034,973.7259836818324,1542.6847320804989,3280.5211172255285
10.034,1102.8918209963847,1517.009212330501,3641.106362682192
10.056,1259.9626616159433,1686.8736474461873,3404.370025381572
10.056,1168.882211467308,1645.5180487068476,3833.7668716336225
10.077,1287.8410746305913,1541.086358835417,4289.387030352273
10.077,1370.033935023281,1661.8755937157378,3843.6805412194626
10.097,1162.973754624512,1529.2996886281549,3605.9360670791925
10.097,1339.3279892651883,1610.0247700993802,3798.1116441278036
10.099,1016.8953745234181,1797.6649623840758,3271.5373159114833
10.099,1128.3586686589315,1788.6661079596329,3051.460121311268
10.118,1098.1629873352183,1537.835033698149,3180.9894969995753
10.118,1092.0897927238902,1721.3546062375744,3750.4824809383117
10.139,1320.2261851080877,1644.6707139051916,3288.551615302409
10.139,1226.8471437656137,1462.6890774992125,3752.497287135356
10.16,1276.3061802964596,1655.6007840562834,3992.9151568557168
10.16,1247.02316917424,1674.0915121159353,3689.5985128704033
10.18,1320.4186669043513,1320.0872804572755,3625.4630715399076
10.18,1091.0517347549112,1695.3481731511476,3696.1894885682796
10.201,1274.7369841562584,1720.9733536827687,3376.6103709075533
10.201,1142.3467101957729,1567.8608115101272,3318.848797717677
10.222,1103.466428061256,1653.9197938929728,2989.004223091295
10.223,1279.3035670397044,1765.5005579619442,3488.772327558036
10.243,1275.0796820994,1470.0575754685137,3922.088630201617
10.243,1392.515571850365,1639.8992451250306,3370.62704120886
10.243,1316.3776189614732,1699.2472615988904,3567.832544656246
10.244,1269.7160236284676,1488.6749310568098,3896.6834523947086
10.263,1460.046712473584,1527.385742525004,3489.2614113144787
10.263,1210.8458274623306,1511.2960926495464,3435.919388526446
10.288,1188.676330949843,1611.6043769744074,3601.6283667099683
10.288,1149.6997196757743,1649.017748367361,3396.191973928979
10.307,1124.75391368406,1581.1111903273581,3471.056869704442
10.307,1129.0483499958805,1800.7221957653096,3641.0349714354406
10.328,1269.3140105703826,1538.3529944026843,3787.385695464909
10.328,1345.7982414942283,1415.265536726487,3315.9370231040743
10.349,1151.1896282080447,1646.703302224279,3629.7218692097813
10.35,1343.4462052104614,1736.7896745341234,3987.99357396403
10.37,1216.7353633499458,1538.3986802823822,3588.206182158474
10.37,1160.4394647681709,1543.5126917289213,3806.283717206482
10.391,1254.7481795099495,1659.5778951836837,3390.905470965732
10.391,1196.900498535459,1657.7503951138392,3534.47125121479
10.414,1079.5489568748937,1781.4593230835192,3514.0951334198066
10.414,1353.8413024056385,1701.1710068806951,3929.5299731511095
10.415,1241.0754623162438,1608.955120767368,2920.5606555875124
10.415,1163.9164424282303,1689.397713451853,3663.9325429078567
10.434,1147.0377860705298,1690.7423043960862,3855.605515134841
10.434,1156.1148893395798,1570.4511682705704,3666.991126657288
10.454,1391.6081211098506,1591.9855398000561,4030.992558873924
10.454,1176.1352982780916,1529.952116761745,3539.847932489979
10.475,1164.5078412412831,1538.0994023426692,3099.2802250356167
10.475,1177.2311679856944,1390.2325665857757,3365.4959840721867
10.496,1245.59152277389,1556.388787136582,3230.353371872345
10.496,1310.1042529318236,1577.0679375493426,3893.2703228713426
10.516,1222.7974377710837,1721.104039301502,3576.5535231819945
10.516,1156.2330132851832,1513.6408161302847,3706.742843543375
10.537,1261.0959128877707,1493.9630895075668,3527.4542834136087
10.537,1319.7369373074932,1612.6624993704004,3513.313033679118
10.56,1188.3138126064505,1690.0068352008598,3484.4245652993964
10.56,1295.2913366387695,1673.1887648992533,3215.6330343411755
10.58,1321.3516734797643,1530.333232630242,3423.1277419530297
10.58,1149.7075292504894,1572.2382502889998,3554.93832213633
10.58,1152.1072096435398,1658.6609461287323,3862.1992912102896
