Time,25W,25X,25Y
0.008,1303.4470798380785,1858.5126421985365,3656.531363408587
0.008,1241.2794234169935,1674.438949321314,3907.285484067816
0.031,1125.4599015177723,1676.665744219519,3717.117818074574
0.031,1382.5351727684188,1901.3405944590927,3334.8193051297294
0.032,1117.9217630886706,1712.9228578243612,3561.9517136585905
0.032,1349.1618955066965,1776.0609424141542,2879.2191702133377
0.058,1225.9050103236987,1626.0589899226877,4211.046016966354
0.058,1221.4084884881263,1623.1769056230416,3615.2199814309442
0.085,1467.9553275705707,1518.4548437332492,4292.9627907401555
0.085,1189.0419297338933,1580.1370184187476,3693.2430977737126
0.085,1319.91177623275,1638.3161375803975,3575.308490796584
0.113,1287.3904318958776,1770.641344388366,3945.173656511134
0.113,1288.883485457684,1666.4515240643598,3245.39113694499
0.14,1195.9781969505534,1965.5385425332402,3201.947535503505
0.14,1158.460551830946,1641.4700538810985,3682.589889493669
0.14,1162.8029013855462,1652.5805227671187,3242.968476308758
0.167,1305.2007181286315,1669.5602863961044,4282.821374947272
0.168,1470.2710416411785,1614.5056429995802,3980.7290824807314
0.194,1377.9162443599232,1718.6732931893087,3784.2247185454808
0.194,1405.2562109513535,1828.3153610528084,3761.3172853496594
0.194,1109.996406961187,1753.4621891196075,3576.3331394103516
0.194,1201.9031929564603,1560.4572396393614,3848.964529442952
0.219,1081.5531887633413,1571.1314139951658,3726.383976552866
0.246,1110.2575588809757,1724.2639912746731,3112.7813496608633
0.246,1030.8703559069181,1659.9995861452476,3511.230714382182
0.247,1046.915988389979,1369.7606687220732,3220.6052569340836
0.247,1458.319999429634,1587.50908170615,3819.695709471057
0.276,1271.0987003632388,1714.0449898720167,3618.317557701187
0.303,1500.4994213301604,1633.784217600906,3659.6689550186147
0.303,1299.308237747776,1786.0418274360843,4442.607997772429
0.303,1104.6273235379429,2013.1779178161469,4337.137196121269
0.303,1106.9341268624828,1817.538242541966,4267.020827875853
0.33,1278.8487709960527,1706.9276437182823,4213.7546759523475
0.33,1160.903301167999,1715.0481410007303,3617.162088785576
0.357,1186.9527754357457,1771.7613071733172,2828.2117733980003
0.357,1127.5770886623845,1614.0219639789993,3355.3512309744833
0.357,1209.3836484746262,1766.7332351172377,3786.069813069329
0.357,1300.2419769154785,1606.4941937516526,4365.857441345461
0.386,1181.8267799591567,1851.9129239253746,4718.122548203699
0.386,1215.9671363492557,1672.7416023054075,4393.65535801842
0.414,1188.294416076712,1592.7595988310661,4381.972727411766
0.415,1279.3845470545027,1769.0145815235246,4099.13016750398
0.416,1049.9024280233098,1767.9385336741311,3933.930035850997
0.416,1185.5687759676123,1356.9049472319514,3591.9433717887773
0.442,1133.9390682968049,1872.859938879547,3032.046840804956
0.442,1120.0692010000398,1599.9409160959297,3268.0615215688026
0.47,1077.078285283487,1700.8987807200917,4360.517710829092
0.47,1618.701092260303,1873.0094965599747,4085.26212518672
0.471,1217.6540299917347,1573.8461205088308,3599.135572500839
0.471,1460.7307049092747,1733.3029657149698,4179.360133441793
0.498,1239.4551168772261,1815.044984070514,4193.522698084752
0.498,1238.9100415682274,1728.0502103416925,4291.196310427513
0.526,1039.5481123746956,1739.6522400539106,3391.1244502536274
0.526,1166.6546074829957,1744.9459847704736,3972.5969286777276
0.526,1003.3456063002668,1856.956296514532,2159.345078810193
0.526,1164.379172216427,1493.6121546498077,3077.0640939659634
0.555,1278.23151951644,1500.2983269044512,3748.9348814441546
0.555,1327.582781232989,1917.5056041724183,4060.1830013025888
0.582,1278.238232510119,1837.1469291748197,3968.1577476455845
0.582,1358.4392096590468,1834.4751698704383,4356.11774733612
0.61,1258.756703871499,1832.6533006373518,3712.346078569013
0.61,1084.0458986922115,1832.496616220986,3379.612375783526
0.61,1225.4179554099449,1475.8198093143058,3673.7322785811684
0.611,1249.211743283184,1361.6254828659905,3505.8205068913126
0.638,1029.844788625042,1731.6797585619797,3431.364781671673
0.638,1113.064386309328,1904.2570186286962,3008.2151673129283
0.639,1100.8719737616836,1630.2927958200423,3958.922889378218
0.639,1294.179496611994,1938.1189086832587,4392.248688795777
0.665,1210.8715518032234,1793.201966702229,3991.000422188341
0.665,1261.683031028235,1834.665400346439,4270.101454064519
0.693,1294.172532497712,1611.5097865515913,3978.7414533714773
0.693,1267.7741071974617,1792.909575335555,3731.9425666276675
0.693,1340.289210836904,1849.5730825315877,3725.155708841347
0.693,1324.9444828447201,1725.6442368838723,3586.9900915818444
0.72,1261.6705155478817,1856.1693801545355,3207.020246439085
0.72,1168.150968364161,1434.9676016721646,3024.5766845035714
0.747,1291.7543830920831,1462.500637112768,3918.5216306843695
0.747,1399.9190639342773,1736.3888765061895,3881.091873037026
0.748,1296.968073292095,1765.5646531615089,3696.2792552383034
0.748,1215.84305599461,1578.6959478821295,3781.262086369117
0.775,1209.468837143412,1818.8521939854663,4023.8814659893305
0.775,1328.49051093327,1685.9159342166186,3480.50419445969
0.809,1219.0699806387552,1798.0379724787247,3867.506892961672
0.809,1246.0406007178492,1869.1339490409948,3572.228548419359
0.829,1271.4215132035572,1758.576175845581,3004.105406163093
0.829,1281.221881255342,1827.8943015742407,3622.8099320954097
0.829,1426.5324796653927,1544.0629298937179,3593.3652219197756
0.83,1266.7289567907285,1757.7090162606514,3674.325929253789
0.85,1108.1749028646732,1793.2554010464842,4350.598044816265
0.871,1206.4531392408849,1733.5148362964387,3844.63708219777
0.872,1168.9530239452163,1876.8047375124893,4334.629991290743
0.89,1291.5498776063612,1673.1050877227292,3910.9408367778765
0.891,1140.105336474266,1708.3888375196298,3954.224423502333
0.891,1192.5360424989865,1623.2189931657983,3588.0586237761618
0.891,1136.7786244524998,1616.286518809638,3248.6382748068236
0.911,1078.4840123048389,1973.5377651318104,2832.3511166556286
0.911,1275.3794171504933,1564.5355960776735,4078.2318828803773
0.932,1329.3512680698232,1620.6932880011939,3886.8715222820497
0.932,1406.5683390400861,1658.6739546661267,3737.1420416778337
0.953,1381.3943855488524,1554.0117576740067,3976.4077451342896
0.953,1150.4709445608505,1883.8190007103979,3547.1464206391615
0.975,1197.2167213650143,1690.4106657468712,4020.3093350796726
0.975,1328.9522978838265,1763.827995592573,3004.4274395524
0.996,1147.2890352106886,1764.2309784434883,3392.467988913153
0.996,1078.0967592917852,1676.6021092400474,2614.4301778830063
1.018,1062.7458600442026,1549.1145887541834,3235.284894038261
1.018,1290.5470222780161,1650.34536752933,3989.1094221054423
1.038,1212.4967890105577,1716.24460647854,3837.5189800759845
1.038,1334.9564336806905,1451.1297910212072,4137.420943901576
1.058,1249.0892981552704,1868.5041027209443,4050.4347683176356
1.058,1398.7915513178293,1826.5107009885292,3777.3588602094355
1.059,1321.3508786496996,1655.8636499731322,4073.7818386343224
1.059,1190.3201006169375,1714.4823417613225,3545.774227215267
1.08,1252.4851152738706,1750.314265234057,3608.3655524677265
1.08,1108.9062495545063,1605.5452150422004,2940.6795425484424
1.101,1281.3733631719583,1675.1338126351438,3370.111082131452
1.101,1386.9756216513595,1833.7557982440185,3569.084454239986
1.122,1463.3159316799897,1791.4837195420748,3837.8606659257093
1.122,1223.366749104834,1609.23163620103,4473.240461232268
1.145,1322.184902748626,1917.0734449231213,4618.06279596206
1.145,1092.0415460205222,1594.2688026861751,4160.968915426023
1.164,1152.170836830102,1508.7421473788866,4401.078109245742
1.164,1216.5757681270409,1657.578309355111,4125.064242831233
1.185,1192.924463205111,1647.1132165584352,3608.992507813355
1.185,1170.827921343834,1564.2856816859726,2971.405997300525
1.205,1145.8549317206114,1884.8928829095844,3122.859928765899
1.205,1305.377784834732,1927.3708640795023,4542.134146913068
1.228,1366.836789032897,1804.4822759054582,4575.333604872104
1.228,1338.403900006647,1682.0815139802448,4538.309449587152
1.229,1468.1802483524277,1362.6350886106452,3716.234805698043
1.229,1464.2898867723216,1664.1015520750339,3767.6809549278514
1.247,1448.5524622690455,1685.9787646727661,4173.037648517639
1.247,1210.2837025812048,1847.9097834610966,3614.825320932896
1.268,1051.3991916102193,1676.2851377410886,4371.0367451765
1.268,1229.886950705719,1521.6692026778828,2972.298685953544
1.289,1069.0217304660669,1642.944579687651,4207.307151067511
1.289,1302.7255328431252,1829.501434151191,3357.456584513792
1.332,1139.6301868981484,1870.4859695531154,4004.4509083810062
1.332,1141.8784722209507,1916.9883520359574,4034.4404399682444
1.332,1097.9182690515634,1778.6903169719753,4253.871786356116
1.333,1207.2224109677493,1784.7392442477174,4011.116889216396
1.354,1179.3435101283653,1752.9717442450828,3884.613622454109
1.354,1008.6332127067669,1731.0223711555843,3509.4953894386367
1.372,1031.879458909243,1674.197021830355,3689.832142841875
1.372,1136.6403414400634,1958.8175447332899,3208.834060400192
1.393,1323.0860223045925,1698.1396624849806,3791.794995628435
1.394,1113.0133913965294,1728.3547248227908,4158.905073713263
1.394,1042.2714895092597,1738.9590818098711,4225.668611927423
1.394,1257.731950841946,1738.3248850718635,4340.72979313749
1.415,1252.899873566585,1562.6461958621485,4598.732893398011
1.415,1283.2319446065633,1628.2619807784479,4188.482724915394
1.435,1276.2354608692947,1461.5115343432567,3980.6501763215215
1.435,1263.961646053029,1790.8069786131782,3883.9037404445185
1.457,1068.9422090636479,1870.2428723508112,4074.9686297028866
1.457,1127.8046457322857,1773.6752200250828,3134.581410160594
1.479,1253.1352859756287,1661.8743075586285,4025.8296017829753
1.479,1453.8407964872183,1833.5341845359983,4007.0924370708663
1.502,1243.2214016576988,1694.6669652566466,4360.139363213824
1.502,1378.7957781469513,1684.1985246945915,3367.4977354155308
1.522,1198.2837767172866,1775.9335562777158,3820.329941459285
1.522,1109.7537281225395,1627.7698541931697,3980.77250256657
1.542,1118.113158977166,1557.8334439987282,3390.2534189539924
1.543,1066.3355826872717,1993.9395367426487,3942.713841523937
1.563,1259.3984399118096,1810.7935753030415,4188.910340213857
1.563,1332.0064401732363,1520.9530550706697,4318.5943744715605
1.563,1150.094780470944,1634.0263498860884,4362.502424250943
1.563,1195.5657791065241,1731.499713221819,4293.983783451165
1.584,1228.1839030568947,1710.0805748089172,4259.635243904623
1.584,1249.4051478447714,1910.4635466341174,3643.5011203682457
1.605,1321.6417695149041,1709.999783473067,3812.2189457386376
1.605,1187.3071532897256,1592.3991830123623,3757.3886202372296
1.627,1049.0222230550373,1763.3380025127224,3132.076828159444
1.627,1422.4228417406116,1702.0496693931216,3938.5703015661898
1.647,1420.1186646633794,1829.0173135149068,3510.602825748856
1.647,1315.6253450491733,1694.7730851646968,4194.085530368769
1.668,1288.0654105370495,1794.5591286705182,4239.890646900391
1.668,1251.155384309773,1829.8616186776674,4136.509717000005
1.691,1314.9713661080232,1689.1113440757003,3820.544278786505
1.691,1049.1419202801726,1752.4250612674327,3187.726651699003
1.711,1274.2260565616314,1656.2509585684986,3642.9829549687697
1.711,1168.2868072157887,1844.269496376751,3427.1008477617534
1.731,1302.6652402667796,1668.4193444374346,4099.577868509961
1.731,1369.1396906278833,1560.2761770206832,4298.439096442394
1.732,1167.9218983732596,1876.4982413077514,4080.375556496739
1.732,1303.0454664022398,1766.1324627465738,4454.476382692323
1.752,1302.476481119849,2048.770456558562,3499.0958726128683
1.752,1311.2774110295043,1756.1656679897637,3863.808815994965
1.772,1216.8049539907317,1635.276585351428,3398.461342363788
1.772,1392.8362097028296,1882.100793730866,3930.6464831337607
1.794,1354.088555599508,1681.7425903387978,3172.810629031627
1.794,1127.6559534446346,1612.783259303349,3681.9064261041426
1.815,1423.8126957481918,1696.389135507886,3914.83530845031
1.815,1284.1693603830333,1752.6810038494484,3780.718218161195
1.837,1369.1105028605486,1748.1229645285484,4017.259370308105
1.837,1312.1015162014992,1944.9318802865973,4607.906299501517
1.859,1445.1793471546773,1735.27809678252,3849.397244617963
1.859,978.252830174399,1854.7828401841693,3489.248113361718
1.88,1171.007465564193,1709.065073603862,3396.9760911390986
1.88,1234.207832403673,1859.991763805436,4010.03917092335
1.899,981.4996166590922,1800.1342230683724,3106.319159146776
1.899,1208.3228770516573,1679.4955173619676,3712.014225355433
1.9,1357.726503193399,1634.2403052451903,3846.260292382787
1.9,1528.6590236164577,1549.5801741365592,4182.490674631364
1.921,1383.28545019838,1566.2268255528581,4331.8894335568175
1.921,1332.8894820732025,1583.0173638434082,4084.2296254144994
1.941,1165.9843694842555,1844.9075992042733,4296.250245718437
1.941,1212.9566160199877,1832.836428269431,3385.7363198433677
1.962,1105.97464026631,1748.0271068773825,3391.2042032858913
1.962,1376.1858104945698,1767.5979692041012,4223.125997741699
2.004,1036.8426327965497,1681.6811187384435,3692.617136744245
2.005,1015.0502294057865,1943.3496875249991,3742.2345921047045
2.005,1357.2864708914178,1748.0766800953459,4180.4121661714335
2.005,1301.4972079132046,1731.2083828291788,4530.423310853097
2.025,1430.8201002069598,1489.4709288167046,4397.005542022071
2.025,1559.4459602885254,1683.643490079079,4321.8905414780675
2.045,1311.840355506298,1674.1385509750585,3584.1392713585014
2.045,1101.0806526982642,1789.1208823195605,3056.6141348021915
2.066,1210.3788115264535,1525.4497015589607,3708.3831368118886
2.066,1028.667901398455,1574.1294920064092,3197.5279914444727
2.066,1097.5369248929271,1815.597954556111,3306.1486178888617
2.066,1190.8605496596947,1888.105273956305,3665.358578709054
2.087,1112.4536072372475,1708.7380837036737,4426.662892266042
2.087,1339.3101900555687,1683.454389825663,3242.0344434130398
2.107,1371.6084253493668,1507.8613524225782,4206.121592341667
2.107,1388.668561574302,1851.0344344491607,4273.073558158783
2.128,1179.9963464659184,1686.9810472880258,3371.5114024907443
2.129,1178.079188493162,1749.7807447920484,3540.287092192052
2.15,1125.7016421482724,1833.852831364863,3980.053831603728
2.15,1165.4848175904253,1850.1404007226824,3072.908380629123
2.171,1176.7521610946696,1705.9282398322935,3438.02636761658
2.171,1185.496527305278,1725.5115153441316,3698.172292375177
2.192,1393.8855899428513,1832.8959004251255,3981.5434374853758
2.192,1296.5388882078078,1684.1570332786864,4229.2558481375945
2.216,1256.7371487502821,1614.9462404317926,4237.0956077240535
2.216,1437.4004284332607,1718.5003693516971,3867.0135051800094
2.234,1304.7486206449248,1700.4071504649937,3612.8368978722146
2.234,1203.391961355008,1914.8315968991074,3823.390629662804
2.234,1215.9068576812467,1752.268332036426,3701.1762580749173
2.234,1055.7940522941476,1840.5019392876916,3337.080565323245
2.255,1095.6773075483827,1835.6113477661365,2891.4773355772663
2.255,1238.263264564403,1817.2586879793116,3259.8906097054623
2.276,1269.0297410449718,1529.1469299536666,3824.305648797984
2.276,1368.3040064931397,1775.7670122964407,3936.0394537240963
2.299,1462.4183827182737,1727.7027318712323,3744.2990763887597
2.299,1371.01310168054,1716.55918606953,4216.770779034061
2.322,1427.5580697533019,1764.942009289118,3581.5870363401223
2.322,1210.0478330314018,1879.6623120749186,3984.436059923232
2.342,1166.7345379508718,1589.0678723421556,3649.0725509004337
2.342,1160.506298309368,1692.9202153542567,3153.827253777941
2.385,1108.7487408143265,1844.959923378751,2971.76247043177
2.385,1301.8066474685243,1560.4302624699224,2510.156122011125
2.385,1176.1391742924338,1816.854590289005,3952.8945001678812
2.385,1196.3267161215522,1775.7355312040356,3774.708966277219
2.406,1383.339301743427,1652.5393136533055,4385.630827403856
2.406,1267.9728296177198,1618.5248359212458,4577.956423789518
2.406,1278.1913624070019,1723.536257658321,4319.385475116497
2.406,1150.3136104005357,1861.4616178349074,4062.141788170829
2.426,1205.7796036224402,1806.6247257263708,3317.6049987293954
2.426,1069.3321440066763,1825.113935186182,3882.675277580669
2.447,1166.4568906379634,1746.2387256258564,3221.2955758721546
2.447,1194.3789479786888,1789.8406661575596,4145.141088953456
2.468,1296.6877089594059,1492.352818131915,4218.316707361558
2.469,1449.1241357780184,1625.2476779522738,4158.048524508901
2.489,1351.935025045513,1918.8687802054994,4251.121103695141
2.489,1512.86119850982,1817.2074604385357,4253.136378335939
2.511,1242.859238306995,1773.2250369164688,3784.9549592533945
2.511,1166.5742735375727,1537.2953675735414,3639.531235462693
2.532,1394.4591472329075,1540.917139183778,3793.297813067527
2.532,1008.7873149220508,1414.7122927590735,3358.096595077721
2.553,1158.828688696172,1712.2486339827663,3434.466675599094
2.553,1299.5427514964729,1712.8040251334733,3785.3145675570136
2.573,1335.0043163065538,1918.2025246990231,4211.256885847622
2.573,1304.985956876499,2079.63251183451,4356.501282031946
2.575,1250.846488485183,1495.2820219411024,4289.301443804671
2.575,1004.5005427748786,1728.7095535015737,3249.943905675486
2.592,1365.126377052061,1470.1490603863303,3946.570823587371
2.592,1286.5850189009223,1460.5419859837239,3647.269960340454
2.614,1155.6558495657514,1915.5674242097195,3527.8477365783665
2.614,1008.0454553276961,1640.8537337743744,2731.1072664042076
2.636,1282.6804483474943,1519.7825516546593,3992.8165258687573
2.636,1307.8036810633014,1994.5368163958306,4220.818598139379
2.655,1297.203844305392,1688.7909549727783,4546.018599910911
2.655,1428.3708909579696,1673.5555053013002,3882.4391901327162
2.676,1364.3332265412198,1791.169665196876,3768.050445674815
2.676,1366.3433192320808,1486.2192447790137,4323.507522475488
2.696,1324.557595656413,1584.0036686319418,3922.9350324602465
2.696,1256.0089008072875,1641.8926620708587,3797.1619698634736
2.718,1146.2083195042185,1761.2826704298534,4040.3011869402676
2.718,1040.458984825946,1927.1764939560887,2904.4784334159817
2.738,1201.319351946805,1554.939498726695,3261.9395783932614
2.738,1374.4672976471477,1832.7704739883657,3206.4921154807216
2.738,1283.7210217020556,1661.7444218872415,3712.707996488037
2.738,1302.9382101799083,1778.960270196412,4099.731651600279
2.759,1238.521958918854,1710.0334440500565,4023.81555576645
2.759,1196.0338698128357,1959.9289801018033,3762.7496458281507
2.78,1225.981725950328,1859.149913730734,4579.286972902564
2.78,1182.094721297598,1759.4059175058544,3604.9451255434965
2.801,1172.0173923279071,1728.0078830142177,3542.515876574312
2.801,1228.1852264757727,1837.2787331339318,2609.9380451737948
2.822,987.7213923276574,1714.5557480851626,3470.622487665984
2.822,1245.8267041571726,1698.812912128283,3894.863967230479
2.842,1195.0743489358174,1711.3760689826256,4294.8890620195025
2.842,1377.0613952842605,1824.945783377188,3608.575928047209
2.863,1475.023037082903,1605.9467843920877,3936.6403574170413
2.863,1290.9535708382894,1533.4492807227512,3908.0843093748813
2.884,1220.072278006309,1673.7504367776655,3865.1074150221248
2.884,1114.7279360874843,1518.9006004322173,3719.268846002796
2.904,1181.766815000414,1489.87902524357,3490.6905513699357
2.905,1226.00652881947,1617.885666858887,3023.185180828816
2.905,1268.3083081236805,1619.2072736095665,3472.4419478924183
2.905,1217.722091305145,1414.7789272130906,3580.9694187044133
2.927,1403.4355975691133,1632.2128024905962,3520.911172261593
2.927,1328.5866620809632,1688.0159705502267,4360.800725820186
2.949,1408.634831476636,1787.060809525461,3787.1443716943095
2.949,1227.647964935795,1697.7056115327075,3880.0702207527233
2.969,1081.4458001414177,1829.0280673736781,4325.698523110286
2.969,978.7882442770141,1751.9176792032356,3381.679977682201
2.989,1275.5403246275507,1707.791204814438,3092.955880846379
2.989,1299.8671239522362,1839.7429019874608,3185.799836152257
3.01,1192.6892458810837,1737.634363569337,3298.9292253523845
3.01,1303.905560537498,1714.3569198141945,4206.824531026648
3.03,1301.726891434536,1750.190182680423,3648.8886197707448
3.03,1411.0084142106873,1490.4467236426005,4155.916265749504
3.051,1551.3183567126434,1687.3712683196586,4078.0236287484613
3.051,1108.4118680326578,1674.472315833403,3617.95864909338
3.075,1183.0533819804882,1662.3612850289583,3562.1961907751793
3.075,1089.237073595598,1789.1333951495442,3721.367855717088
3.075,957.2715505344028,1729.496929250505,3520.29173447582
3.075,1066.1409913060306,1971.576380047513,3338.982062838575
3.097,1134.4332132043817,1989.016637574973,3960.9412732393434
3.097,1299.812133393902,1709.2741818716527,3950.3326349016406
3.117,1355.8704434952338,1486.172469438382,4068.5827417065775
3.117,1300.2442327193276,1738.0281612057054,3672.376000981206
3.139,1402.4568347849045,1817.2625244293595,3827.2440420634157
3.139,1217.3698522278235,1897.9554345704983,4268.919829246621
3.16,1100.6301529109405,1750.461496229831,4063.863049978979
3.16,1216.1489729408202,1402.7303611700418,3976.6988886405456
3.18,1292.9061353553604,1729.1363129135677,3760.8818746960515
3.18,1105.1995052909067,1672.0043492026882,2754.211299618595
3.202,958.4705899807008,1675.5173220315091,3064.87276323362
3.202,1308.6101026081183,1657.0084321212164,4529.364168049171
3.246,1219.037677641348,1742.3776114126338,4571.728129440268
3.246,1415.897851915165,1924.614039528418,3656.661382821691
3.247,1473.2521715471069,1910.4680134102528,4072.649096033085
3.247,1296.6004078921592,1681.4401921345934,3837.4948399714067
3.247,1156.687454090411,1730.2055691130129,3738.731331693568
3.247,1243.4442932438,1790.8413352022965,3841.572432627928
3.267,1162.6269796100614,1756.3523194544764,3733.3627968790784
3.267,1113.138596272136,1647.0625176915332,3010.5683161302577
3.287,1179.154164820685,1749.6185272087569,3208.2539380117423
3.287,1138.2250989209901,1577.7101167315295,4358.426616809626
3.307,1200.695577626925,1701.6032079595511,4353.292624264971
3.308,1493.733165892191,1637.4830712281034,3835.7946155849795
3.328,1394.9208176463412,1792.968630495503,4662.919595252869
3.328,1484.6909294311192,1831.9785114941376,3884.54902824769
3.349,1252.3020700230134,1762.2494411791258,3482.5050297312278
3.349,1158.9289912701192,1582.0628131433466,3724.512700635671
3.37,1263.2787375236715,1708.9909444747445,3930.834361294021
3.37,1073.396460140262,1482.7651195540313,2638.391950077549
3.39,1159.5953501288511,1760.0286913025946,3478.860413749257
3.39,1290.4685904376527,1686.709493744382,3966.3105381636233
3.411,1319.9576320073302,1868.8182527401668,4203.693810259535
3.411,1232.6113841435974,1350.7493718140493,4385.611171158668
3.412,1006.0833898787796,1675.458150720811,3953.581878934733
3.412,1344.986281271169,1628.5180840718165,3652.1981180067646
3.433,1212.1547116587417,1446.2202091432061,4394.355826745726
3.433,1350.0306586331524,1383.1642348179741,3390.2509485066735
3.453,1094.4386496907216,1669.8363173354514,3402.7808252749646
3.453,1179.2954416425803,1384.8588720455589,3214.4403530524783
3.475,1005.5981690191818,1828.6985122331077,3022.314067390339
3.475,1173.3069174839552,1720.3225642090752,3771.688656702946
3.495,1380.0524950200302,1783.5154585028326,3738.9149076399926
3.495,1551.7492402143066,1445.9092008613436,4125.203533053846
3.515,1265.890008167314,1612.6154661970081,3769.151758789869
3.515,1333.5398907120439,1376.9799727503232,4010.0102829694893
3.536,1215.1128802691806,1843.4596129708384,4178.755084526222
3.536,1088.781572524563,1590.718211871515,3985.979193608399
3.558,1277.449497155848,1662.8475764897848,3189.0883061541513
3.558,1105.4929292378886,1600.8123937067928,3390.566475362755
3.578,1166.662074665414,1642.3591188205264,2427.5694704101315
3.578,1222.7047187127084,1626.4278098944171,3420.8480926447064
3.578,1388.0281167728783,1686.8180470257744,3523.7959522835818
3.578,1286.7485722752087,1868.0606268159133,4138.72887551787
3.598,1406.1661396768422,1679.2489054633975,3819.6256770822424
3.599,1158.0347183753065,1605.5451158867475,4400.1552939271405
3.62,1355.3771435511828,1805.3277786221454,3665.832865875744
3.62,1265.2709915515122,1777.4719346901147,3961.657063766271
3.639,1165.786526459175,1726.343172592337,3738.906297975428
3.639,1217.8920916904303,1628.9122909396224,3504.859427785422
3.661,821.4837486297822,2126.4890393931246,3320.372791814681
3.661,1291.8849392382779,1712.514510913432,3374.079462768551
3.681,1294.0838343024404,1884.560266919434,3889.787309823348
3.681,1218.2828857146467,1634.7021027616233,3332.9299732699583
3.701,1253.3597683566338,1653.7288140127284,3820.7830986553677
3.701,1393.7659094754217,1874.5620628377433,3900.428014145151
3.724,1239.263834956902,1770.437296612315,3860.70329695269
3.724,1162.7352812925742,1832.0712626232178,4271.72834168592
3.746,1278.1035107216735,1777.0192155006312,3378.172836278408
3.746,1082.6574111658886,1766.8877979795632,3308.336802057434
3.747,1264.7202658583412,1726.6215385260741,3266.5291816692343
3.747,1300.498204176926,1819.0465252163378,4179.675815494209
3.767,1149.1006032402042,1512.8348749364916,3886.679532124038
3.767,1243.3463488630132,1666.3689583999944,4136.072024045118
3.787,1145.026215339977,1628.855239200713,3943.9107855236302
3.787,1078.4226235047995,1809.2150541511717,4334.948358520618
3.807,1211.9351493635738,1521.303062732713,3327.8903013312824
3.807,1169.7085080126649,1662.4107091907333,3815.047077287421
3.828,1114.8996548026748,1832.1027162950488,3637.3259592272548
3.828,1248.8048346747687,1608.1907935228844,3221.2792238005745
3.849,983.6325158898075,1729.368793284385,3010.9991015064593
3.85,1136.7227345911901,1719.2814683534696,4187.456372418052
3.87,1158.3311058324352,1716.2317062714126,3951.808908081656
3.87,1143.5470021416888,1738.7263792301312,3911.042173347807
3.892,1281.134961159125,1658.866338839411,4444.1276778578185
3.892,1427.2346747396118,1728.4528180263856,4033.840552342194
3.916,1276.754863273789,1694.1058480047411,3854.616083299407
3.916,1199.8092503857179,1805.2777806816248,4084.1824082389858
3.917,1281.0631724994498,1847.281903305289,4118.3442555236825
3.917,1141.2360859175574,1553.709797522362,3164.1616153919213
3.956,1116.5344853689803,1796.6247449896514,3122.4297160477677
3.956,1339.3434965473211,1664.8281529797616,3880.5681809884954
3.956,1454.410861189367,1537.850107506975,3936.912859509597
3.956,1301.2345050354038,1880.5019912247558,4358.816053199915
3.974,1219.263990064031,1528.1216763297357,4486.674158231889
3.974,1081.0139077047652,1806.612717761393,4226.4864077453685
3.995,1121.8100232054078,1749.1604654169676,3883.364740616724
3.995,1324.3305523709116,1838.3062732826213,3832.3821026108476
4.016,1210.9876318261856,1603.3047180145775,3407.539485233365
4.016,985.0390826759634,1811.7476996850758,2638.165832304312
4.038,946.0775458070856,1914.3834175463378,2794.4915861439413
4.038,1202.190641953444,1632.5422091993196,4201.657258161684
4.059,1336.5437192660102,1597.0566591385589,3966.7503664690803
4.059,1050.0201614009077,1694.792056787521,4291.72535689097
4.078,1380.291101516553,1856.4658386416606,4354.254679057214
4.079,1288.740413718218,1893.4768755444177,4510.229269770701
4.079,1355.66992478412,1675.9654381299526,4471.558744135112
4.079,1280.7510102757412,1569.6818224493538,3987.4503522617383
4.1,1285.133675729392,1804.5883051209219,4004.824022075622
4.1,923.8764813012009,1625.2712585865659,3475.1516603242294
4.12,909.6462442453849,1762.250094086209,2705.977849856926
4.12,1168.6521126864152,1619.8520634277272,3625.38266771947
4.141,1163.88354628577,1562.1994905958654,4160.809449413163
4.141,1379.0732515493353,1836.7698437257473,4088.268066976962
4.162,1348.2066084660871,1771.0587221536116,4298.072216660484
4.162,1276.3655472379196,1468.491109914351,3991.2390421090918
4.183,1253.4812074235574,1842.0783966300908,3836.584475686412
4.183,1313.9355984298343,1694.4790977086027,4065.1461376252064
4.203,1188.912750259505,1798.0248085612593,3721.4325760978345
4.203,1133.308030440376,1672.1696798444198,2713.2272033105273
4.224,1173.9254470286478,1646.4927931783018,3387.528649114421
4.224,1286.5872154654926,1557.548523288979,3811.6409116996374
4.245,1180.113751984064,1714.0066054002632,3785.930300309815
4.245,1109.0965491557838,1613.5022179892928,3936.2456392765125
4.245,1271.6620820091484,1862.2279449141224,3754.4587011051904
4.245,1051.6424998307114,1784.0008072782705,3796.126698959214
4.265,1158.5924390994587,1755.8660012724908,3890.424456827227
4.265,1165.8570071111415,1660.124894848965,3754.8937520057366
4.286,1217.7104670720141,1835.5445353602777,4027.6459464468253
4.286,890.079270813527,1666.938172045824,3278.1799231202963
4.308,984.2348479756477,1729.3328591521658,3049.2879048358714
4.308,1230.2966189438,1761.1192931744063,4343.268767312985
4.328,1369.7047366776526,1898.8259300549025,4191.56527702396
4.328,1217.606874014897,1493.710832013802,4745.393507549469
4.351,1301.2851298751766,1369.09446735299,4054.3259082402783
4.351,1148.7435825239388,1589.1076904148522,4008.3143695660283
4.37,1116.3071079511396,1763.4966245865317,4130.961180629146
4.37,1310.559293452547,1931.2180068456623,3471.5941411766903
4.391,1210.7168710813123,1903.3838707874027,3467.364093099645
4.391,1102.4774849917942,1929.3396507087577,3338.3006601617785
4.412,1124.9011521935095,1838.4292585340766,3366.747981346296
4.412,1356.049355601683,1647.4691917205137,3829.0376337430894
4.412,1282.6204178980252,1792.1484046684657,4339.935654158496
4.412,1342.8293134264666,1804.5188195167812,4035.3555353228926
4.432,1364.206266041045,1398.7309114839268,3638.7491769818866
4.432,1127.2030359784558,1828.743343391709,3878.564099789801
4.454,1219.9737893250388,1317.6093630515231,4169.645296601969
4.454,1159.3235701070812,1524.3200375995925,3853.5743216779806
4.475,1055.4795794069132,1777.0169720387205,3891.956119174511
4.475,1152.2641487928684,1778.0329301756349,3016.5584725214753
4.495,1230.736285378726,1772.978392593414,3095.0641247555523
4.495,1216.2176866368154,1957.5876132006165,4128.2723330996805
4.517,1356.5418029515386,1880.586400524886,3538.0369606858358
4.517,1251.023655124179,1805.1458735072927,3986.4805969428785
4.537,1199.3658182553215,1902.2797011690502,4190.233844615286
4.537,1334.4647548925936,1621.5812199187287,3966.983483498947
4.557,1250.0044361473842,1882.2378542959307,4011.924593706771
4.557,1358.7887635572906,1843.1052648157324,3830.248703006211
4.578,1217.0854016225132,1644.569885812306,3587.7775842205688
4.578,1077.299259959156,1911.6977492834676,3095.572005204785
4.578,1239.4848379417203,1735.5876029664141,3592.2186687079998
4.578,1320.5100185538035,2007.7768172373783,4000.5253908453733
4.598,1131.5060182778234,1707.8065934099795,4283.44404185289
4.598,1222.3878910169667,1652.1253958351592,4717.016071105128
4.62,1301.1241600103283,1543.2725852512267,4136.564051863047
4.62,1253.109699906409,1653.066698546591,3820.9322245051003
4.643,1229.7493813503654,1805.4039101410767,3954.747388099366
4.643,1214.7214086195859,1810.795269864777,3811.059244332467
4.662,1284.0043239123877,1794.2541442048212,3656.053672809466
4.662,1155.5918794415131,1383.8476515994764,3315.960644724254
4.683,1053.3808863194986,1734.2169330124366,2691.1475999234754
4.683,1253.4183174761388,1814.9705753784624,3773.4587696981016
4.703,1205.707048517042,1521.8508174791825,3823.334030637213
4.703,1258.6362467919148,1735.2536235266696,3971.5379519255966
4.723,1189.903454799378,1477.1592270430256,3727.4552762868893
4.723,1076.002788077302,1835.2132080487056,3939.1395575110437
4.766,1442.3768547377695,1709.347757567506,3747.858756317648
4.766,1358.7668592957616,1707.6057419329054,3563.9016456131917
4.766,1027.397487054598,1754.5885401194566,3431.1649797006153
4.766,1115.4956470936706,1585.7111870902559,3366.078306008525
4.767,1061.9769147861562,1831.9151767856881,2972.175996803539
4.767,1196.6967798104363,1574.4727339464753,4062.7951070784684
4.785,1363.1630892018777,1678.74500176545,4515.008472519453
4.785,1276.7736619213085,1765.043468829692,3894.963170340767
4.806,1233.2247677373466,1808.7182522627731,4396.302218998469
4.807,1188.159652556299,1794.5359034428584,3905.607423074212
4.827,1202.84747954951,1712.2147054454867,4297.668315276928
4.827,1166.2343428372485,1582.1969827283326,4006.4930576471565
4.848,1320.6898610590085,1812.9897791412302,3601.2578885491803
4.848,1211.291622208941,1624.4490477694164,3742.1003078484705
4.868,1194.992543374861,1483.665851276404,2940.063589003555
4.868,1255.7260563976024,1677.4724910069478,3989.419516730317
4.891,1417.282756351985,1935.9071553053843,3990.4080910057764
4.891,1276.635784209218,1675.84524067033,4222.151800270621
4.911,1303.9191298611731,1730.7206852127135,4041.362837843119
4.911,1211.5142051253756,1555.8773200772612,3224.791657997825
4.912,1207.0028423470096,1762.5317995681464,3569.619750653261
4.912,1373.6425894854438,1911.016162649027,3407.233258533477
4.952,1124.5766760366016,1828.5411209622537,3543.2755161134814
4.952,1014.7885720048629,1898.2884913406147,3775.5746499408774
4.952,1118.490202987941,1639.7772651147743,2886.4384062400554
4.954,1358.092699223378,1692.2197960873336,3594.4636686422627
4.973,1182.3784581106447,1678.2053621915402,3944.415284258887
4.974,1175.0933724337767,1812.832283336102,4106.187496422477
4.996,1341.001399431243,1703.553866301179,4708.463185099222
4.996,1362.0092912558528,1717.4598798166096,3952.1949632604737
5.016,1428.1297921202383,1723.175201233949,4297.107869816968
5.016,1319.8785606696435,1769.9260766773339,3675.6853771353744
5.037,1147.605648286488,1713.6284102549375,3804.071864743917
5.037,927.9317509809919,1745.1937312553828,3110.9473560323086
5.057,1093.7906187249444,1433.2199138185042,3362.4322352780177
5.057,1294.3196571244998,1767.857491903869,3694.697759131202
5.079,1276.3614212279545,1642.5739755996358,4448.0139388987045
5.079,1263.2884618284888,1905.6100088241346,3810.5772659719787
5.079,1312.3703633994953,1782.9547804872718,4041.7941222805975
5.079,1297.563683621048,1659.049385495036,4225.88339238195
5.099,1329.7028875746723,1843.8467836887341,4329.362481268679
5.099,1199.4156417792967,1771.2866360873602,3690.749687183642
5.142,1067.017523431163,1819.9791919949257,4071.3682607879646
5.142,1115.843566952044,1726.279850952234,3085.9144774095616
5.142,950.6321173747336,1779.4691307233434,3638.165272785102
5.143,1475.9851321419899,1677.9599020140345,4325.831859912789
5.162,1360.7365601484623,1589.0456895844704,4527.0965578153955
5.162,1364.2972947561486,1840.3847115307155,3750.678552585152
5.183,1381.393339727478,1809.631329649766,4354.317984294166
5.183,1455.0487101241424,1851.3502870425293,4076.0842570423288
5.204,1366.9508532630255,1719.3583378033013,4270.40364599469
5.204,1172.0308587219836,1756.389164298249,4261.992286015509
5.225,1098.8077134497946,1726.5601920028964,3856.4811261764858
5.225,1205.8161343452823,1550.2733560503589,3986.979602733327
5.247,1085.6362033345213,1507.1170609262285,2794.7955588523228
5.247,1185.0964896976411,1640.4350178404209,3528.4682433276685
5.247,1264.1066429562716,1695.408421199463,3576.974032736417
5.248,1349.854524681813,1636.2004108762826,3425.3772078502243
5.266,1387.1844422162944,1834.6965179099814,3499.8797064269697
5.266,1317.7317334759264,1815.5246527697334,4184.393358525326
5.288,1249.3819543117804,1839.8861467972195,4501.030167698673
5.288,1316.4182265822174,1701.151779385759,3694.7380481862397
5.308,1248.2497370743556,1646.520002951264,3656.601102048006
5.308,1133.699397361983,1699.6880038530692,2988.1426740952593
5.329,1232.58454110604,1638.79812335827,3402.541918760182
5.33,1300.7188081776665,1621.374299352457,4457.220440082596
5.35,1176.5985853157258,1683.9846054678987,3839.613459549499
5.35,1317.5880825597133,1759.4317958374854,3869.4019398244172
5.371,1474.663428221343,1757.1984438704346,4235.710307379505
5.371,1466.7716981955277,2001.0467623560264,3890.2446676184495
5.393,1207.6008823003685,1815.4422097325364,3968.1884644866846
5.393,1082.7739704247592,1644.6964931966068,3423.638702313885
5.409,1168.628680868338,1583.8632889625073,4127.6378717616035
5.41,1184.9401353766925,1618.3675073159775,3024.515860785809
5.41,1049.0083613273125,1681.7303519159304,3374.7033639012757
5.41,1407.1117049869151,1762.2720229280615,3738.3748341637206
5.43,1227.4716353145861,1541.9658021125279,3913.7600034195552
5.43,1298.3579996366984,1584.2116138824877,3815.731579584118
5.453,1296.979224263371,1587.3946196652737,3793.09145632582
5.454,1262.2058497146284,1684.5589184372427,4156.956032266368
5.473,1381.7863271244694,1560.7989053359827,4188.741062539821
5.473,1242.9165292733549,1591.7400102490778,3688.7703061280213
5.494,1140.8714785885563,1718.7180730960226,3622.2908160263496
5.495,1045.4985694753832,1570.1012388401446,3023.43942576661
5.517,967.8742135691225,1579.698806844995,3024.619978635087
5.517,1422.565150453077,1813.5083704077147,3851.1392878939632
5.536,1428.083152190175,1537.6800858501356,4354.602018903439
5.536,1173.740035263608,1551.0838823627791,4427.697348065719
5.557,1390.1776971650713,1508.768174317402,4204.066250300873
5.557,1244.346856878796,1748.198186514845,4047.1275636679907
5.578,1337.8454112288189,1712.7196466635062,4137.766987538959
5.578,1185.0424233173849,1588.3295100920093,3465.112401005653
5.578,1180.1614457816397,1663.682604193212,4296.741404318389
5.578,1192.3719854548829,1650.8088302478209,3039.8972822366604
5.6,1195.9845058818698,1481.254573628389,2722.839321256183
5.6,1456.4729874220845,1557.8629821157306,4134.998810994484
5.621,1281.106856269653,1721.3177363781354,4239.687286416988
5.621,1255.936906601398,1825.768147929831,3797.571758308742
5.641,1161.81799041226,1715.4728675330919,3554.282319380596
5.641,1160.9973735451908,1690.4440077044696,3786.1068505576645
5.662,1289.6331139656515,1829.491394718455,4055.5528988904503
5.662,1290.3127514979758,1743.2297077976932,3532.767429613188
5.682,1160.4423506975115,1632.2313574826123,3712.4324627479855
5.682,975.948593346056,1739.469471917131,3448.2086012432173
5.704,1025.799706663015,1495.6955836708235,3028.389348197961
5.704,1204.4609353265544,1805.689880046364,4383.151437236408
5.724,1277.4733709041654,1852.68815500281,4592.967375872554
5.724,1309.049697068495,1715.2093221864977,4073.4664678498684
5.744,1364.1540309729317,1895.5350445830247,3890.031123885017
5.744,1308.3831654900393,1632.7167432480828,4375.994535024394
5.745,1325.003269920833,1809.6239909079536,4093.5225875845704
5.745,1319.648950948387,1580.211457207908,3332.990581266292
5.765,1279.5921413425424,1889.5807697940331,3598.9157181748787
5.765,1211.554451007221,1714.4922391549542,3403.124479866739
5.806,1059.6549359441788,1753.1874937051596,3124.2131150601977
5.806,1419.7584872722725,1768.4142425122006,3866.442892254194
5.806,1381.744644238827,1498.9643201339475,4541.726124681895
5.806,1400.397900905822,1887.9263028780767,3863.543144447056
5.827,1308.0642558250836,1767.9029122919567,4182.501922530108
5.827,1444.8760219261308,1623.6623848654888,4378.460117769819
5.848,1335.7715739658083,1744.5547601455926,4044.1069874001373
5.848,1027.5514314897248,1385.4567981745517,3786.964069132488
5.868,1325.389371928323,1653.7810004024452,4237.66636006705
5.868,1045.985028857131,1750.1506542880143,3005.101537763545
5.889,841.9832506965345,1872.7668527869264,3683.1651495955452
5.889,1249.936076548237,1316.8158553498947,3736.1479804697083
5.909,1292.0686958772346,1657.1528285311401,4072.6980136538914
5.909,1245.223634264699,1672.2618820634589,4332.407942274223
5.909,1224.3193042473183,1838.0687800224043,4455.54976773892
5.909,1379.8583665582585,1508.4654905207976,4208.710007466736
5.93,1102.2687623945349,1739.0524936240843,3842.183076691739
5.93,1261.583191009674,1658.3332399864885,3649.8341441221337
5.951,1198.385316992377,1638.325759256592,3980.2930255542806
5.951,1163.892089047045,1545.0090848157352,2975.050047575785
5.97,1241.2305109091214,1508.3537129400213,3216.447556002838
5.97,1178.3010291625394,1460.403495102066,4298.944999931153
5.99,1225.0786161212225,1836.9561992522258,4399.479250022385
5.991,1245.6263475955332,1508.2680712781512,3768.3096468700282
6.012,1159.2226194886534,1647.9574991149989,3987.8563385029406
6.012,1268.1331409328277,1482.8575093548811,4036.7975464752712
6.034,1190.7249359566354,1714.0928279342277,3602.9566585608545
6.034,1211.2005846243317,1689.846188211509,4095.6063003345666
6.054,1400.8014754401388,1652.654736305467,3855.7610925562776
6.054,1198.3262953591466,1690.1090126724696,2950.2546085014496
6.075,1104.8878293289147,1521.0468757049941,3270.386970394718
6.075,1257.078788538119,1738.8459900878709,4038.0780047926396
6.075,1290.1028771189935,1564.9442366839648,3872.837665864343
6.075,1397.6010981401605,1458.9497412901758,4083.3599020087677
6.096,1107.8291823911193,1648.5301100547374,4350.845998059171
6.096,1397.1366172058333,1601.0073197453878,4164.506281781608
6.117,1070.592314112199,1618.4851067012917,3238.57473883123
6.117,1129.995864589556,1594.0316879594454,3529.3305966161106
6.138,1239.6435937616072,1383.735938735534,3153.586307756201
6.138,992.6298806767162,1677.8980252031024,3205.0106498560162
6.158,1363.4132760171233,1575.017681737175,3662.8188182798726
6.158,1264.3013005410667,1620.7386285763635,4449.4853736954765
6.18,1185.5037316862793,1437.3775071292082,4168.317542871587
6.18,1256.4649660883501,1496.8580480279918,3939.4224763723246
6.201,1074.3390887332341,1543.9592861134133,4055.982228307997
6.201,1176.537531883497,1843.1612262806966,4111.255243863437
6.223,1237.1543853916255,1600.9879170688416,3665.136063270896
6.223,1226.3571003187792,1725.0520250725685,4003.605356609947
6.243,1075.3935084955424,1747.5586295299204,3323.773112860174
6.244,956.7384801520052,1469.3868496808288,3045.5197679015687
6.244,1448.6955721018207,1687.987830593226,4127.212143410653
6.244,1336.6158847154384,1589.5551984483288,4395.149216779549
6.264,1178.127039570512,1665.2488851034389,4045.2499125752274
6.264,1360.5833597910514,1940.6961223530398,4628.091019717472
6.284,1159.3492451270308,1631.5191079170236,4459.017397028235
6.284,1304.7555949850023,1744.0726976512017,4300.2363183436055
6.308,1337.1411322349052,1556.3737159226876,3342.836888184077
6.308,1063.0529852429577,1562.0255297102192,3925.236785312709
6.326,971.0374095154659,1511.7379302963573,3140.9170469608066
6.326,961.605345127638,1671.0344275239368,3021.1032195240714
6.347,1271.8788178754191,1812.7303657795646,4597.947003117081
6.347,1323.0913060451737,1485.1517896119817,3625.8759537656156
6.368,1262.1705632485728,1626.03725853787,3243.1447281440423
6.368,1421.922299091619,1574.4494928455033,3745.7246692580698
6.388,1263.6256257745797,1690.976417545683,4342.937693287253
6.388,1189.094028597584,1542.9486394298017,3622.102575621206
6.409,1203.8114203989019,1518.992895867602,4554.241475940709
6.409,1209.9972256050676,1615.7083998412434,4301.374782770629
6.409,1004.8505469190859,1545.6634615456323,4028.7117126455423
6.409,928.4658405309763,1476.1319784767393,2776.375868498328
6.43,1163.0912427166177,1627.3957538111438,4298.007969078505
6.43,1014.1611839223617,1600.5244661303013,4259.3640032890735
6.472,1307.73023578653,1505.0451549845911,3553.236812103431
6.472,1362.0645543207017,1557.7170702810179,4503.352748776524
6.472,1041.7415209905746,1445.3520146337646,3948.8208097068705
6.472,1246.0553951218094,1359.799855041655,3867.404825770219
6.493,1165.102032532834,1450.3213018033998,3631.0165079708395
6.493,975.8217363620435,1507.7448792870641,3704.0812732855184
6.513,1158.1389441106057,1516.034860239396,2980.92803813414
6.513,975.414560040138,1481.8115202081672,2806.413764790131
6.534,1253.0748401360147,1767.5036740520932,4272.64390026733
6.534,1447.7265589139615,1790.475099707683,3980.676666608355
6.555,1291.3404810079087,1734.5029279507023,4224.293978837001
6.555,1405.2195762344145,1582.1974445761691,3257.6309536867916
6.577,1252.0313173181205,1680.1164893405648,3521.503764516608
6.577,1325.4109344560106,1473.993015405541,4257.904632703516
6.578,1233.7876791865249,1376.1854590793707,3882.4128089318965
6.578,1378.2975747117707,1637.537962809624,3874.053984387717
6.597,1004.6886301600409,1758.8438783531235,3491.7423979737578
6.597,1134.6694209766379,1602.7729609519433,3481.568310401103
6.617,1197.8375184194465,1451.5879175710686,4153.696627441356
6.617,1442.853663435799,1514.6613738674278,4075.0984185354782
6.637,1311.9531417706016,1806.6113831053933,3772.04842010146
6.638,1177.8901560941563,1818.8749258051007,4366.284386127475
6.659,1331.7212732150278,1654.7937733976612,4096.559424039759
6.659,1168.5969957087302,1861.6040237395014,4493.388770571057
6.679,1239.9635897923686,1788.1955387575697,3737.0951068923396
6.679,1380.3052579428106,1632.7743089457658,3662.952572798025
6.702,1044.513354579557,1608.9636267463438,3440.762702065724
6.702,1059.410602748957,1733.0879518715435,3386.1199099665882
6.72,1261.3807391332443,1622.4909966616824,3535.137525256984
6.72,1261.4627118373392,1601.991127279674,4208.0342098583005
6.741,1318.4265753657357,1636.888364080412,4082.43084305771
6.741,1348.8617242762382,1264.1151268694293,3999.7767814562285
6.741,1340.5850188948332,1782.3824446268745,3905.48264951406
6.741,1307.5128150238259,1921.422572665488,4090.006495525403
6.764,1232.6372031581488,1875.375388192876,3727.0219079612375
6.764,1159.0015838362576,1498.9130165340446,3334.277320429492
6.782,1152.798180341127,1611.7301870943206,3007.9867057119695
6.783,1319.0654917209697,1472.5152640448769,3190.340778791658
6.804,1281.5856310821544,1866.2698436678686,4413.806949313254
6.804,1342.1738235045384,1647.2060599018744,3655.2112725449133
6.826,1131.1196302762,1603.6192316293234,3881.844270391156
6.826,1363.8880578754583,1932.7317811618896,4417.892083919531
6.846,1294.8109686012015,1837.7875224255772,3894.52680399542
6.846,1441.016674591869,1567.2984177295793,4535.406511880762
6.866,1132.532440607958,1475.422613599019,3728.602072865883
6.866,1115.4967305306473,1604.790399172742,3444.9038513871774
6.887,1068.0025610153248,1853.741973193763,3368.246082063789
6.887,1199.9081908264127,1731.6767263365982,3783.5493944034615
6.907,1369.6314177123463,1774.8849729293738,4139.048376295418
6.907,1284.0377347143303,1468.1280213106356,3812.440044899856
6.907,1318.4782238592281,1505.7316367476021,3815.499362873817
6.908,1314.3240663200547,1603.7804040526987,4138.902532160855
6.928,1406.9889193578208,1627.0473657239866,3970.7304553733015
6.928,1235.327017520116,1300.590228314303,3852.607694191995
6.948,1100.6896746511622,1734.465305602063,3767.3647181551955
6.948,1070.2343895279134,1761.6674789352128,3508.5281646896547
6.968,1014.5988208356513,1604.1201745378637,3297.984988002228
6.968,1204.3980964256084,1652.803017585648,3696.7080217825933
6.992,1238.0119425089629,1538.4335581118562,3660.7071842517676
6.992,1229.9711378533434,1708.005044277824,4165.783563068846
7.033,1152.1000066887573,1536.4005437833657,4482.921013145892
7.033,1292.6068916912702,1840.6685863596354,3601.946270613629
7.033,1327.5541243766597,1589.3236223886324,4056.501960079447
7.033,1243.7368019679461,1589.3906349610327,3701.8332243186
7.054,1123.2250436086238,1555.341759600494,3617.2987807306904
7.054,1314.618418775224,1479.5540205314887,3782.0337659161146
7.077,1170.9516516222454,1695.9463961040285,3692.4208074628477
7.077,1190.4111051623781,1728.7677977246938,3144.650927067833
7.077,1256.5249361937156,1655.3430681564946,3608.5945784974524
7.077,1284.5425971429872,1628.9557823835116,3700.2798480918996
7.097,1261.3272974319318,1667.164499730425,3415.310976380113
7.097,1335.2838945922053,1591.331597973869,4220.1648356956375
7.117,1497.8753778130547,1616.7446918682385,3915.6330888663238
7.117,1275.9049690378308,1414.9408994806129,4053.243412667424
7.137,1198.3629636021574,1486.0082046533946,2842.968469855067
7.138,1358.9585036522305,1477.8762764789792,3853.8335116528733
7.159,1086.247328843815,1705.0551088390825,3066.3910376264566
7.159,1078.6646382496053,1610.3952890587907,2838.0861772707526
7.179,1016.5173071847581,1659.5890199860544,4188.030999267179
7.179,1204.5200115153398,1708.7700300976207,3879.062595397222
7.201,1294.8241038441338,1847.335449018643,3492.661552540461
7.201,1210.7617924338463,1561.8887820475927,4107.963305123592
7.223,1314.7794223333653,1655.5039350958486,3640.6189991747524
7.223,1391.6889002587734,1769.6144922898304,4129.105836635693
7.243,1285.3691749681695,1594.694747841915,4400.015894721043
7.243,1271.5086075827846,1722.679214358624,4061.559019788133
7.243,1087.633264092711,1485.3358716311945,3624.6220907834745
7.243,1105.7382625763214,1644.8695707597155,3394.011655987884
7.264,1227.4537088936393,1529.5442621302022,3712.0008499520472
7.264,1447.8277956978036,1622.7195560598925,3896.2695347306258
7.285,1206.2855495153167,1564.297734628714,4194.2211011625495
7.285,1351.4910852790401,1601.3078959078307,4433.987603957044
7.306,1467.361671795216,1697.8325089080056,4069.5144110349775
7.306,1285.2197122312612,1586.336424608783,3814.8581806625166
7.322,1020.9501089372891,1596.5496679203632,4219.95220804818
7.323,1224.4386557602818,1644.5122352538092,3877.6551042436017
7.344,1236.3494609487773,1640.7741558452758,2957.768619054581
7.344,1359.7486269499532,1666.2547088308206,2677.14805247212
7.364,1398.3464548817096,1587.6364673866806,3658.2863531483767
7.364,1167.0219521257209,1708.5530334843895,4390.666791777343
7.386,1231.8288291999352,1333.5171087083047,4244.586791403363
7.386,1116.9244821247037,1729.3343874210263,3936.0029989329782
7.406,1419.098494340288,1604.5941464759264,4178.56432968418
7.406,1375.8031275559406,1389.9073252585654,4048.3625414616045
7.407,1224.9280301567783,1658.4914079855507,4043.5884429052617
7.407,1101.9863292507653,1565.969484768997,3034.945138276838
7.428,1017.778282253364,1653.714438307874,3234.950357804687
7.428,1224.5640893949487,1726.6358801597983,3298.488474666123
7.449,1288.4143698213375,1510.2456503018898,4139.524523470224
7.449,1247.6183448998831,1739.0461453485443,3854.922573193783
7.468,1294.9848454212922,1609.8785863367461,4654.453905679475
7.468,1237.0024421373982,1406.0477359500007,4036.8137378871484
7.489,1131.053002403948,1749.4949209401814,3821.356469142158
7.489,1246.4436537829406,1586.0376387503798,4047.1070061190676
7.509,1159.5168311508592,1745.4074038006838,3643.83512423628
7.509,1441.756935884617,1557.9095490931686,3291.064031721903
7.53,1164.0008300142515,1791.593379653946,3337.9061257545554
7.53,961.1436305245313,1766.1126802066553,3760.4527926688097
7.552,1319.1159401072127,1658.9387633789065,3894.7510490011514
7.552,1206.4789164452436,1471.3320342001944,3784.232240341498
7.573,1149.9903132502513,1594.3180417200413,3719.580777825355
7.573,1421.2259706730918,1508.493773252485,4390.253099049435
7.573,1426.0466240923247,1463.5805884087363,4127.7499871935715
7.573,1415.439649023846,1831.09931636366,4073.2814850208065
7.595,1171.110354151492,1323.8579856818246,3656.2480596101027
7.595,1281.240697368615,1600.706472834267,3597.417969383064
7.615,1116.9486186221222,1658.0376259277416,2772.226974133751
7.615,1032.9946711835453,1724.4228231519758,3539.329124195919
7.637,1355.4251298699496,1577.5518550918857,3742.7221742188003
7.637,1327.1590404112292,1613.2270304581514,3421.8972855885204
7.658,1310.3676910427544,1585.754861064255,3874.26765221851
7.658,1478.1991325506701,1625.6109387404167,4185.554815781487
7.678,1322.2908836718602,1651.3255917018662,4101.388342846842
7.678,1180.0772224331185,1551.414744261102,4459.828605068512
7.701,1224.3713121501098,1382.897267931356,3963.327060460586
7.701,998.1211717461728,1799.0377229581584,3497.445329410985
7.722,1058.2010031925656,1725.378940681616,3436.1045706913733
7.722,1136.1255967763832,1576.1409174253731,2706.8441976420518
7.743,1103.0319812843968,1427.2832940323071,4149.841898207278
7.743,1408.4932524299115,1551.0811312287917,2846.7579782246435
7.762,1281.0194387018585,1604.4044682966392,4226.518714943772
7.762,1398.0332595764703,1616.329813954825,4388.0762920994475
7.783,1418.6652893527573,1495.3146566278747,3934.0625633815357
7.783,1347.960892860888,1517.7665778451387,3993.0409081678736
7.783,1215.277698153527,1562.784100924474,3423.1586850968406
7.783,1187.391152043181,1871.6031975264673,3506.0133584128953
7.805,954.5757681283853,1451.6941225485805,3481.0518526955752
7.805,1112.6369901858113,1411.5682710817991,3521.4631642234826
7.824,1101.888677285917,1667.099283194649,2921.6175898357815
7.824,1206.9573356016606,1393.0441520873119,3849.529590545699
7.844,1293.1941951385604,1676.3413188061777,4440.297574551802
7.844,1346.3590192793376,1549.0550457277106,3776.2028555929633
7.886,1464.2290592817405,1606.1430690285476,4267.6973936668865
7.886,1482.979912970529,1643.2410304770892,3982.0202724462793
7.886,1168.2925536856865,1733.2643881909898,3573.47452746183
7.886,1213.1099412427316,1611.9804422090106,4217.088220408847
7.906,1009.1317549603751,1744.2934822840057,3526.0844774702005
7.906,1110.5979399416142,1757.0398778482079,3373.485339612801
7.906,1320.680255137602,1875.5835345191267,4075.2684175460918
7.906,1205.9999377287886,1637.9522810512233,3641.48223040954
7.927,1290.40306763295,1522.0297528759113,4150.171017519532
7.927,1327.058970507024,1755.8803687670045,4086.877686616833
7.948,1307.2995686816073,1628.3442287040675,3890.629248501116
7.948,1340.3788245892104,1700.8493077085561,4107.7973396338075
7.968,1192.3306758079514,2076.382394775075,4259.671238652279
7.968,1265.1583065877153,1773.2892841705418,4250.031866262949
7.99,976.6978558804027,1539.742234810772,3324.894174447603
7.99,1135.6889736801436,1532.4913551199845,4273.912787774542
8.011,1204.108155231463,1617.5985790650257,3761.2966056012124
8.012,1230.1310608913366,1634.4001761888958,3800.9879706126308
8.033,1257.226987764665,1459.6322803333353,4617.606685434054
8.033,1385.6361387014629,1925.948830342465,4289.543286637034
8.054,1342.1960111195879,1728.269950637378,4073.741807397356
8.054,1302.024554601034,1574.8363529896114,4243.670469631301
8.075,1378.171736040732,1688.5410598438489,3317.42040174905
8.075,1255.586458760959,1576.3255938724392,4034.2296061371067
8.075,1027.7233127564846,1714.5403780897925,3175.329768439296
8.076,1183.6798296755776,1448.033627617217,3764.3237679847316
8.096,1112.9918754882847,1738.353785699208,3667.1920755511574
8.096,1247.5647233436353,1590.4844516019984,3255.2648971514
8.116,1213.902220935845,1626.4904502763786,4398.930114273464
8.116,1230.7796209107144,1511.8062747533295,3797.589944551607
8.138,1341.4532753763071,1458.663069317211,4196.275478432653
8.138,1671.9439198234354,1638.0616896165577,4162.3274424589
8.179,1084.1347405984984,1608.3763987824232,3841.600053208069
8.179,1214.683503473733,1808.449337507204,3736.5532676859675
8.179,1174.4796366951255,1676.071204456166,4167.359485083909
8.179,1077.651650991435,1419.4721602960467,3393.6021410721537
8.198,1156.128764216473,1445.1460801575558,3513.1392601766656
8.198,955.3614010894008,1441.5285802300061,3436.1239480036293
8.219,1193.1000636842525,1790.8587844774281,3985.5946603046154
8.219,1022.7184837006015,1571.5732756809527,4334.436670949644
8.24,1457.0427103539018,1342.2547443561214,4246.129626441206
8.241,1367.619940152047,1863.446020537296,4162.6394539774265
8.241,1187.6778042066546,1698.9570993003856,3920.770369400034
8.241,1089.9090573436429,1494.7267915735163,4275.466604601041
8.261,1220.7781913917586,1532.5551210520769,3621.820764809902
8.261,1070.2126457656889,1707.3219033024275,4085.3254845358088
8.28,1246.829419506655,1742.8506456878633,3488.567830426115
8.28,1212.1055608157162,1873.4227691820956,3301.164029362432
8.301,1346.9539189369411,1452.9520155281543,4043.088208131204
8.301,1323.8143342921387,1910.4457738353917,4086.624761503312
8.321,1119.853445758947,1578.5218503782287,4700.806883973107
8.321,1218.6399802867647,1630.3257221457327,4256.345860732752
8.343,984.9214019872198,1749.2792595606027,4114.246073420638
8.344,1237.0968064435133,1638.4093164133737,3993.5901019990965
8.362,1266.1186455942,1482.9071523736507,3325.8440809651374
8.362,1192.1269600011974,1413.4914135458087,4118.6192368890115
8.382,1240.6871141724928,1698.7321323120586,3462.03188369779
8.382,1242.091560233,1627.1588917176493,4227.143049884871
8.405,1260.8176832823028,1704.4882824381584,3766.3027662061113
8.405,1295.399723880198,1788.7439224397892,3792.385338333363
8.405,1290.3034454635797,1581.556287498502,3184.665385730028
8.405,1328.031883009211,1775.567564016381,4323.17486747678
8.425,1071.7787365908512,1812.4850184261966,3783.160198428711
8.425,1365.3519779413539,1678.976800306861,3739.6732483498226
8.446,1146.1701960948585,1760.5886100457499,3920.812000902438
8.446,1281.9564758390545,1590.3047635718895,3753.0097797124345
8.468,1131.7159224545092,1604.9303559520838,3653.324113366848
8.468,1038.8127784794058,1603.4003204540556,4328.889692620382
8.489,1245.1977987612115,1684.991637088312,3646.159385479577
8.49,1214.9155422077972,1557.2274333242322,4240.651846216523
8.511,1312.9693894099482,1704.1259590859227,4057.1309345903937
8.512,1331.2346801682509,1646.7489417134493,4237.4554587687735
8.533,1273.537789607665,1489.173277023631,4033.066482263507
8.533,1133.35056160087,1790.7648996092535,3493.3916003934855
8.552,1104.8626916583862,1581.7557398051304,3857.160861898044
8.552,1042.2662558562117,2012.8286278546857,3351.566207583437
8.573,1319.4202248888957,1658.3247584797446,4297.752783624335
8.573,1165.2835508521555,1560.364520790172,3857.052978885582
8.573,1376.4017719542449,1917.561084707323,3688.6906564925066
8.573,1121.667087879308,1690.1812230294233,3881.388911549524
8.592,1240.3691463102737,1596.8982710885703,3689.512970303942
8.592,1386.927615695311,1518.5543196659519,4432.0856589536215
8.613,1308.729175075704,1880.0003711357197,3361.3422596994897
8.613,1202.628065485278,1768.7947341697695,3238.6492786244476
8.637,1063.8800656646813,1722.6622016286483,3538.9990356085314
8.637,1086.6644406768617,1727.3418906308466,3725.200063650152
8.658,1225.2052320036787,1727.8647737441106,4175.061702693527
8.658,1385.451671358242,1655.3735886250365,3677.508603826939
8.679,1227.1723882146653,1645.3164312575436,3808.3700714739075
8.679,1432.7785506637972,1584.8124470691853,4348.250410285874
8.701,1329.9160606620344,1505.6088951494346,4243.457763239957
8.701,1519.4306927636094,1647.359578021124,4274.1744160630715
8.723,1341.3157333662768,1732.2472326252032,3718.547565719144
8.723,1162.6359551733772,1795.254205242805,4229.328387390117
8.743,1219.7647571176685,1683.350703152897,3266.4495985595686
8.743,1280.7629312399852,1496.4238136148685,3451.117282687689
8.743,1187.1288087291778,1538.3270364103546,3859.656329651753
8.743,1159.1604402269327,1424.9831325132188,3785.161214093337
8.764,1336.8061860825344,1626.3180859854833,3547.9883017824795
8.764,1269.1286859534,1767.3329393104966,3934.4729254059393
8.785,1418.1484084456174,1508.705895963152,3961.295722127023
8.785,1442.8438773657083,1718.8749711947767,4232.140584957912
8.806,1297.174555943285,1867.819205155483,3834.676415855264
8.806,1212.6059565621588,1692.4607729925044,3938.9812589213975
8.826,1315.8700390812653,1591.9206216727462,3695.8968091014885
8.826,1210.7171860480723,1743.9919980868192,3524.3186859159105
8.847,1134.4295499460313,1771.1981350269953,3459.911615998397
8.847,1259.2798753122136,1749.7558310761838,3545.2811634180093
8.867,1212.1047947508694,1594.9473463487855,3775.8565221715876
8.867,1422.8213409699945,1393.2906349170353,4269.869076908543
8.889,1247.3020350038869,1592.3281529295716,4358.8504337827835
8.889,1375.0023130801696,1473.4897528157699,4372.47693719653
8.908,1241.663377441945,1737.1404109333662,3848.8666557758156
8.908,1064.1447528955182,1586.8027546382907,4043.895610415938
8.928,1142.1564756837945,1600.8750763259188,3386.972997052609
8.928,1218.0923342470683,1593.7964393593293,3792.433269388343
8.928,1273.711700555052,1675.6493265651532,3051.3953476357783
8.928,1218.4821766664509,1817.9924530961812,3380.6692416993446
8.95,1310.3175751319598,1605.452443191565,4097.90175135106
8.95,1389.1000735529967,1674.4265082804716,4246.057790519873
8.969,1437.7054054770188,1554.0959063881785,3941.9908825331336
8.969,1442.357430441339,1518.900406302297,4107.277601399542
8.991,1084.76659909964,1676.4682717861358,3640.573297623308
8.991,1106.473460774792,1532.6320694385136,3386.324991156411
9.012,1102.114847215409,1332.1105530816883,3694.2872757245595
9.012,1130.2399709408442,1721.313327323052,3343.2444408599576
9.032,1265.346090906569,1641.4862492290997,3514.62893362534
9.032,1200.714903652087,1634.339436663473,3860.120684459464
9.053,1262.074313459,1838.1405327236782,4011.6731081894427
9.053,1322.9697729577229,2029.5245573228044,4517.311948321882
9.074,1558.753011472037,1789.020269735391,4083.3349699318273
9.074,1353.5938791068588,1562.3561484249535,4818.484093277866
9.074,1123.133391431301,1773.33246171987,3943.179549188459
9.074,1143.95799421986,1659.059438865317,3965.229991183446
9.096,1037.0747697665743,1683.6772441009055,4027.9380789370716
9.096,1226.0569961227175,1704.2718994174616,3689.442835039618
9.118,1193.2017601713558,1637.3161483043418,3155.4024495970675
9.118,1128.1736259432423,1587.1106369362815,4426.685267776817
9.138,1132.9826926578507,1605.0209537651647,3815.904500693734
9.138,1033.249836443549,1654.6974127810392,4283.440631465535
9.159,1333.1672756898588,1689.6946423823833,4544.488367431626
9.159,1508.1788946565512,1769.3993801353306,4528.26248391508
9.18,1249.3650376480377,1679.693194428785,3907.7688417048685
9.18,1205.9815290236656,1646.5800079523617,3898.7008532288696
9.201,1278.0917902899262,1301.7465261711625,3845.309964737504
9.201,1175.4342196540701,1953.9506255829392,3567.625013681848
9.221,1261.9942365563668,1835.6611690208274,3439.3651268501
9.221,1016.3132588977016,1659.598631785706,3755.8216543124763
9.245,1303.3566338665764,1633.5604098311926,4118.355604563999
9.245,1338.8330460288232,1547.9127931173405,4774.765337041183
9.245,1389.6831477320006,1921.5381022888528,3344.0869665952614
9.245,1392.6325119877672,1589.1014212007751,4327.266088516853
9.263,1354.7310466375234,1949.9828449575132,3711.7359632006546
9.263,1300.498864736284,1783.765518323911,3520.6521936999097
9.285,1214.6427410863694,1799.0316115377507,3785.0784763640454
9.285,1143.7240958467996,1827.464247790764,4382.594440286519
9.305,1238.7252584293387,1695.3728343573077,3496.6657938416633
9.305,1013.6991445985531,1696.1978817402753,3427.8573420025514
9.325,1265.0145249805735,1987.6406317608316,3868.408685362814
9.325,1134.8163309429542,1578.467023859254,4497.434609849821
9.346,1299.6077724643785,1682.6446819496691,3918.369070029964
9.346,1432.7747460835924,1529.5339580475531,3498.1659573997163
9.366,1341.5466015520633,1665.9860239834406,3371.9166033156393
9.366,1411.5184721651096,1766.0245501673746,3200.173014623329
9.388,1126.024943990124,1630.1495757972575,3425.9555354327736
9.388,1267.2899402966261,1669.115847451296,4035.1020327278434
9.408,1014.7156787826098,1820.4052120032613,3512.1879021389122
9.408,1363.6891643410588,1837.832939013332,3292.494744523772
9.408,1356.7047440055578,2038.531048044802,4317.566860168983
9.408,1142.4508085023092,1758.7053193229808,3901.557559836651
9.429,1352.7388719669327,1710.315183916781,4086.4601015784574
9.429,1003.7868160317647,1665.9491291965878,3682.699479216667
9.45,1322.599539750513,1964.4659344772663,3938.3222074089167
9.45,1280.7086784910912,1799.761628977958,3467.1629550395737
9.47,1231.3874961491897,1471.4728645689947,4481.788473306286
9.47,1299.6134357775913,1933.12800474402,3758.113053563034
9.491,1189.9794378815388,1679.40076053382,3866.8706239944877
9.491,1228.1260499309064,1568.1109953999662,4166.623657143667
9.512,1260.3109208618173,1678.6913001536434,3941.185812818052
9.512,1232.3670684087272,1694.9132750277236,4082.265441708833
9.532,1319.8332213096478,1570.959838261254,4120.714058142302
9.532,1332.442809863479,1573.4716282056872,4106.653013223544
9.552,1030.5393430258207,1826.766214891879,4311.5447746223335
9.552,1180.5309106597085,1755.310258775361,3969.103859077659
9.573,1400.5348615542164,1882.5102801105093,3322.1277593857903
9.573,1227.7861943842076,1706.2587284735278,4289.095011763751
9.573,1124.1459919036472,1392.4591154717175,3849.670538296781
9.574,965.823960570067,1827.5605288516515,4164.812179873984
9.593,1277.4227326182297,1894.7200495052944,3387.85120437262
9.593,1375.3302568072409,1443.283006362136,3795.3857207282654
9.616,1310.0350949135304,1754.3793368571064,4260.842183702144
9.616,1249.361300694671,1823.7510705330612,4043.361469370399
9.635,1300.4210532355848,1602.4840030897321,4058.1243585584543
9.635,1090.3042732201395,1721.2282126876435,3801.1819155512644
9.656,1299.2683825168226,1872.6418532759678,3737.112621761138
9.656,1307.182445440819,1627.6925990264588,3788.583340470449
9.677,1234.5777933591876,1875.817515496456,3083.6241966606594
9.678,1037.4831288378527,1748.9522303325186,4155.036966537546
9.697,1363.4915787341158,1732.6213308243211,4153.052783893942
9.697,1301.2896738406896,1700.0955376741963,4449.033690520116
9.719,1642.455543805262,1590.0381803640594,4455.71586868287
9.719,1455.5225809202343,1986.0817333791717,5037.88684441506
9.74,1059.7603044911289,1874.68523436584,3808.4137230110823
9.74,1212.2792354406097,1771.8514866049045,4357.222019177982
9.74,961.9628143295663,1549.6357188084048,3467.701656347509
9.74,1140.2833736953332,1674.456344793985,3854.2398174511472
9.781,944.7241371508137,1481.3533821575115,4632.09047636338
9.781,1286.2026650840005,1554.2963940716625,3093.211271795319
9.781,1352.3806641148133,1733.4701650192055,4532.399416030068
9.781,1284.9679420971113,1633.4474963781183,3837.6395256713085
9.801,1371.5060121932736,1780.1252142578658,3669.602705677705
9.801,1320.766470097206,1799.6234121170726,4191.705250429422
9.822,1065.3331688900773,1626.9191519549786,4056.465668880135
9.822,1289.3520152201509,1347.808104246796,4061.704678093025
9.843,1160.9075168728577,1617.7057280441138,3773.6453293930226
9.843,1257.724945844052,1803.6264810815314,3149.3754954694564
9.865,1372.0725480979863,1964.945517583861,3352.361324418113
9.865,1275.671767438695,1591.3419575529317,3438.5011747238013
9.885,1281.1488507404415,1636.6084657683932,3258.9669476767763
9.885,1139.0720344096503,1469.8966530919836,4538.425724276675
9.907,1323.884746586889,1794.7839407261383,4105.0444082145705
9.908,1407.1323471924197,1611.142769881861,4177.4154785828905
9.908,1231.2363818895055,1431.5580368227736,4105.523941144833
9.908,1270.3794842646125,1858.7326881873282,3525.4024161873326
9.926,1190.6078934441484,1648.3070892970452,3613.693405389874
9.926,1234.3338165949583,1800.6254549112284,3969.9875860846346
9.949,1311.4188555914716,1802.3372152015213,3082.1071170316263
9.949,1198.6474876900784,1522.8323911303523,3493.023963441099
9.972,1133.7536466737258,1774.9022805641107,4099.77323615266
9.972,1189.1583796808081,1459.7120651212138,3900.4517929188446
9.991,1237.927294095276,1684.9933875312397,4230.751138415184
9.991,1422.52818953126,1667.7323218709078,4261.164775400869
10.012,1115.5062231911252,1718.8257387260455,3327.149636401319
10.012,1155.8021183324213,1728.32903499615,3627.3690434550545
10.034,1229.1128460661973,1849.0744597695539,4014.3193780387596
10.034,1173.9229301730359,1548.1486474136268,3583.5435800693663
10.056,1224.087239131676,1748.6569274070996,3912.0082269815202
10.056,1314.9336698276775,1708.9601074979503,3237.2540340445967
10.077,1258.7610545247835,1593.9086446669326,3820.3552478384454
10.077,1248.6009050531518,1681.4783583102694,4171.952164890666
10.097,1250.2312198719637,1899.4509175167652,4245.698478659103
10.097,1495.5418495235317,1578.1707119238251,3809.655866128378
10.099,1180.340135484497,1554.5316311074484,4079.1344105103462
10.099,1192.3540759949528,1798.4821689057458,3783.489589755053
10.118,1152.738943307763,1584.673748162129,3566.478363957796
10.118,1250.7729201249824,1682.5797779904524,3557.342652510334
10.139,1191.3116165080678,1785.1180999937148,3545.7900257297974
10.139,1329.7397087393247,1719.0713831563487,3895.0558771221285
10.16,1270.8511948780517,2024.2359297910393,4428.294971770969
10.16,1139.9354914337387,1644.5148219210687,4396.9299921209495
10.18,1524.5847882165006,1737.3918888229878,3837.4577973057303
10.18,1384.153771628546,1839.2468300909372,3772.285130250455
10.201,1161.3543356651664,1877.9064151716686,4077.0100339230075
10.201,1107.9131345605447,1871.9850880211613,3364.2181768818114
10.222,1225.7047927378715,1754.852873165143,4116.238757504243
10.223,1024.9900415092077,1476.1749809076982,3649.3507743918967
10.243,1091.4494961444996,1556.735636822493,4099.862864254558
10.243,1017.8947479372691,1641.7431374762189,3487.7943655568984
10.243,1236.713124832516,1674.4237981462256,4352.612023821278
10.244,1340.7246087022531,1641.7828400172707,3943.4081313160864
10.263,1121.7890456411164,1774.898006173298,3995.977541771378
10.263,1309.0235001753194,1577.2482300939514,4309.880737653454
10.288,1129.9475944338262,1910.7984663849338,4208.784819323245
10.288,1190.853409027675,1466.8786329257237,3893.5459621923123
10.307,937.1896902899658,1721.5571251863444,4062.0093737324196
10.307,1141.3903252799323,1610.44091659257,2959.392332095795
10.328,1193.0945394101843,1976.7905300631992,3409.968883781628
10.328,1206.0808851782197,1728.6854724241484,3474.0929170678387
10.349,1194.2752962900554,1646.884256987905,4229.271081879461
10.35,1330.0367769412671,1612.6465244476653,4043.597302208842
10.37,1243.0533404252692,1801.8182775944138,4016.5841981818435
10.37,1390.535987628624,1787.1890894235844,4584.98125093029
10.391,1230.7832013071188,1428.9416122279601,4075.1982486818274
10.391,1246.595464837852,1677.5744604634313,3695.5437546603816
10.414,1259.769774366909,1754.9869346969163,3932.684139074937
10.414,1156.88289207225,1893.6847617840704,3137.573126450938
10.415,1259.994226969518,1972.3770175293646,3609.9546228227737
10.415,1123.1304792575563,1909.7109024159217,3157.6301952408435
10.434,1183.5683636847382,1625.2771800099601,3673.055228268524
10.434,1118.9389333830995,1698.0885464663763,4110.077422444074
10.454,1314.5275705790518,1571.2662605041241,4108.9093391643455
10.454,1365.857387923414,1846.057575469155,3784.3865732009413
10.475,1265.754252172837,1605.8833517789685,3723.3711194627235
10.475,1310.12198812608,2018.5082919669605,4060.8396086604716
10.496,1056.8136081012233,1655.9084632074632,3163.224312863604
10.496,1065.4055456609844,1787.443569491294,4128.460622738486
10.516,894.6320620575902,1460.6501534744255,3530.1651176601936
10.516,975.7546612079834,1752.6425178541595,3576.2093692606168
10.537,1101.1881856663742,1768.0060240406565,4066.2521159419025
10.537,1419.9175374219358,1610.9852190082097,4731.419629368836
10.56,1436.3472167205518,1921.9168690404365,4038.881268302957
10.56,1467.3837651515498,1554.8571686985033,3814.3358074067673
10.58,1373.0747848763986,1472.0476933413886,3819.051950240334
10.58,1432.8802090659726,1703.886832512053,3608.7888109453056
10.58,1034.9397566372584,1795.0257182190628,3663.9203874167874
10.581,1119.7965681065741,1951.778136964228,3452.488987229409
10.601,1062.468989133591,1738.252734603255,3842.0118127307805
10.601,1014.7195058116138,1724.8155631108393,3547.696609038371
10.621,1350.8073762757363,1853.4643825003002,4145.318000183345
10.621,1218.3547652941263,1589.9902794908346,3564.692858080401
10.643,1433.443341153788,1680.684393654397,4180.954570251333
10.643,1363.9025852277125,1784.3239544680825,4524.898164900092
10.663,1441.5131889829563,1819.633426928562,4135.128919978828
10.663,1336.6456896402563,1680.739201956486,3982.2377905268227
10.683,1071.485336094834,1766.6155982245004,3533.4725387216977
10.683,1145.4985041853458,1674.1605142221176,3385.1621040208806
10.706,888.3147020064227,1828.1416485455193,3551.912440777208
10.706,1111.0286196003294,1926.9700626021436,3256.946666064325
10.726,1399.9256528087537,1670.7645988319007,3809.295177674182
10.726,1308.3811151278358,1658.1251234875529,4135.117694580524
10.747,1426.8128734478942,1502.5066001167202,4096.5549084384775
10.747,1384.8641668219343,1734.5109767455322,3701.9106463438648
10.748,1161.826051053899,1795.86150479883,3709.4357570695647
10.748,1170.6859255203724,1632.5534495741933,3974.3160814305984
10.769,1183.8280539982861,1930.4771396038802,3240.9118446825287
10.769,1203.2526580861902,1812.1254422996012,3231.138762329035
10.789,1235.081619416003,1688.1415350661741,2970.607583985343
10.789,1215.1530268955867,1877.445021476719,3253.5387390586534
10.81,1398.2090691603694,1602.1265428548527,4333.048415819785
10.81,1203.3354722597805,1610.5545864355418,3665.724997678258
10.831,1374.0847568354327,1685.3155481836573,4131.676758292463
10.832,1373.7195025937376,1741.5785891584903,3824.209513913635
10.853,1194.1275498885338,1648.2299174314355,3910.8390253341045
10.853,1233.386337554767,1597.8064752796097,4127.634728174191
10.875,1298.0130916880687,1811.8265564231942,3757.3964547768387
10.875,1058.8788225576684,1910.1068555971174,3645.6706357799017
10.895,1082.2313783510347,1642.442289090512,3546.0957206101925
10.895,1245.6247600311895,1782.9802369117654,2724.2952709543424
10.915,1277.0307144213198,1736.6054500832017,3923.021289932259
10.915,1497.600686195096,1611.929730174496,4288.442972532515
10.915,1080.975352426919,1842.8833081997946,4411.297649126347
10.916,1114.385017789197,1702.5970390644432,4409.771894957287
10.936,1430.7416636451924,1599.233915298595,4295.573864598046
10.936,1366.957576004005,1628.3360872937492,3314.4537197822283
10.956,1141.5421891336123,1721.004158004447,2972.517968842936
10.956,1265.06389522474,1509.5885313322626,3159.6569614341415
10.977,1054.9229525080605,1837.3041136799138,3548.187574921723
10.977,1127.7459794094796,1977.5613309301511,3887.885388971871
10.998,1125.719539848173,1788.3689345135558,4538.225772665995
10.999,1269.6409597491331,1723.129428790567,4034.8517404897075
11.018,1256.710439042323,2214.094152839492,3986.504012245359
11.018,1399.7094494915646,1627.3768590043105,4102.881047690684
11.04,1175.356988227436,1870.9603954745503,3719.508961114653
11.04,1148.8298886427294,1648.0996697464743,4137.237461250528
11.06,1123.4047135618905,1542.87294863504,4459.689536335113
11.06,1096.659168176387,1715.638331697347,3308.6437662449644
11.082,1134.871738886532,1649.2808969846494,3682.008120381146
11.082,1024.2636669567264,1666.9788068822045,3266.934918233683
11.082,1239.1801354161935,1909.07423497231,4214.278144942075
11.082,1260.1616030100845,2009.6513655981876,3849.5424925861666
11.103,1364.7795449684052,1624.163457919239,4465.109174707286
11.103,1537.00093312074,1526.622080712052,3984.3830856882696
